
import numpy as np
import json
import requests

# only needed for getenvcached ~
import utils

matrix = [[-1.70966148e+00,  3.69601771e-02,  7.39203542e-02,
         1.47840708e-01,  2.95681417e-01,  5.91362834e-01,
         1.18272567e+00,  2.36545134e+00,  1.84800886e-02,
         3.69601771e-02,  7.39203542e-02,  1.47840708e-01,
         2.95681417e-01,  5.91362834e-01,  1.18272567e+00,
         2.36545134e+00,  1.52587902e-03,  3.05175805e-03,
         6.10351609e-03,  1.22070322e-02,  2.44140644e-02,
         4.88281287e-02,  9.76562575e-02,  1.95312515e-01,
         1.84800886e-02,  3.69601771e-02,  7.39203542e-02,
         1.47840708e-01,  2.95681417e-01,  5.91362834e-01,
         1.18272567e+00,  2.36545134e+00,  1.52587856e-03,
         3.05175711e-03,  6.10351423e-03,  1.22070285e-02,
         2.44140569e-02,  4.88281138e-02,  9.76562276e-02,
         1.95312455e-01,  1.52587926e-03,  3.05175851e-03,
         6.10351702e-03,  1.22070340e-02,  2.44140681e-02,
         4.88281362e-02,  9.76562724e-02,  1.95312545e-01,
         1.84800886e-02,  3.69601771e-02,  7.39203542e-02,
         1.47840708e-01,  2.95681417e-01,  5.91362834e-01,
         1.18272567e+00,  2.36545134e+00,  1.52587926e-03,
         3.05175851e-03,  6.10351702e-03,  1.22070340e-02,
         2.44140681e-02,  4.88281362e-02,  9.76562724e-02,
         1.95312545e-01,  1.52587891e-03,  3.05175781e-03,
         6.10351562e-03,  1.22070312e-02,  2.44140625e-02,
         4.88281250e-02,  9.76562500e-02,  1.95312500e-01,
         1.52587879e-03,  3.05175758e-03,  6.10351516e-03,
         1.22070303e-02,  2.44140606e-02,  4.88281213e-02,
         9.76562425e-02,  1.95312485e-01,  1.52587914e-03,
         3.05175828e-03,  6.10351656e-03,  1.22070331e-02,
         2.44140662e-02,  4.88281325e-02,  9.76562649e-02,
         1.95312530e-01,  5.08626271e-03,  1.01725254e-02,
         2.03450508e-02,  4.06901017e-02,  8.13802034e-02,
         1.62760407e-01,  3.25520813e-01,  6.51041627e-01,
         0.00000000e+00,  0.00000000e+00,  0.00000000e+00,
         0.00000000e+00,  0.00000000e+00,  0.00000000e+00,
         0.00000000e+00,  0.00000000e+00,  0.00000000e+00,
         0.00000000e+00,  0.00000000e+00,  0.00000000e+00,
         0.00000000e+00,  0.00000000e+00,  0.00000000e+00,
         0.00000000e+00],
       [ 3.69601771e-02, -3.38236284e+00,  1.47840708e-01,
         2.95681417e-01,  5.91362834e-01,  1.18272567e+00,
         2.36545134e+00,  4.73090267e+00,  3.69601771e-02,
         7.39203542e-02,  1.47840708e-01,  2.95681417e-01,
         5.91362834e-01,  1.18272567e+00,  2.36545134e+00,
         4.73090267e+00,  3.05175805e-03,  6.10351609e-03,
         1.22070322e-02,  2.44140644e-02,  4.88281287e-02,
         9.76562575e-02,  1.95312515e-01,  3.90625030e-01,
         3.69601771e-02,  7.39203542e-02,  1.47840708e-01,
         2.95681417e-01,  5.91362834e-01,  1.18272567e+00,
         2.36545134e+00,  4.73090267e+00,  3.05175711e-03,
         6.10351423e-03,  1.22070285e-02,  2.44140569e-02,
         4.88281138e-02,  9.76562276e-02,  1.95312455e-01,
         3.90624911e-01,  3.05175851e-03,  6.10351702e-03,
         1.22070340e-02,  2.44140681e-02,  4.88281362e-02,
         9.76562724e-02,  1.95312545e-01,  3.90625089e-01,
         3.69601771e-02,  7.39203542e-02,  1.47840708e-01,
         2.95681417e-01,  5.91362834e-01,  1.18272567e+00,
         2.36545134e+00,  4.73090267e+00,  3.05175851e-03,
         6.10351702e-03,  1.22070340e-02,  2.44140681e-02,
         4.88281362e-02,  9.76562724e-02,  1.95312545e-01,
         3.90625089e-01,  3.05175781e-03,  6.10351562e-03,
         1.22070312e-02,  2.44140625e-02,  4.88281250e-02,
         9.76562500e-02,  1.95312500e-01,  3.90625000e-01,
         3.05175758e-03,  6.10351516e-03,  1.22070303e-02,
         2.44140606e-02,  4.88281213e-02,  9.76562425e-02,
         1.95312485e-01,  3.90624970e-01,  3.05175828e-03,
         6.10351656e-03,  1.22070331e-02,  2.44140662e-02,
         4.88281325e-02,  9.76562649e-02,  1.95312530e-01,
         3.90625060e-01,  1.01725254e-02,  2.03450508e-02,
         4.06901017e-02,  8.13802034e-02,  1.62760407e-01,
         3.25520813e-01,  6.51041627e-01,  1.30208325e+00,
         0.00000000e+00,  0.00000000e+00,  0.00000000e+00,
         0.00000000e+00,  0.00000000e+00,  0.00000000e+00,
         0.00000000e+00,  0.00000000e+00,  0.00000000e+00,
         0.00000000e+00,  0.00000000e+00,  0.00000000e+00,
         0.00000000e+00,  0.00000000e+00,  0.00000000e+00,
         0.00000000e+00],
       [ 7.39203542e-02,  1.47840708e-01, -6.61688519e+00,
         5.91362834e-01,  1.18272567e+00,  2.36545134e+00,
         4.73090267e+00,  9.46180534e+00,  7.39203542e-02,
         1.47840708e-01,  2.95681417e-01,  5.91362834e-01,
         1.18272567e+00,  2.36545134e+00,  4.73090267e+00,
         9.46180534e+00,  6.10351609e-03,  1.22070322e-02,
         2.44140644e-02,  4.88281287e-02,  9.76562575e-02,
         1.95312515e-01,  3.90625030e-01,  7.81250060e-01,
         7.39203542e-02,  1.47840708e-01,  2.95681417e-01,
         5.91362834e-01,  1.18272567e+00,  2.36545134e+00,
         4.73090267e+00,  9.46180534e+00,  6.10351423e-03,
         1.22070285e-02,  2.44140569e-02,  4.88281138e-02,
         9.76562276e-02,  1.95312455e-01,  3.90624911e-01,
         7.81249821e-01,  6.10351702e-03,  1.22070340e-02,
         2.44140681e-02,  4.88281362e-02,  9.76562724e-02,
         1.95312545e-01,  3.90625089e-01,  7.81250179e-01,
         7.39203542e-02,  1.47840708e-01,  2.95681417e-01,
         5.91362834e-01,  1.18272567e+00,  2.36545134e+00,
         4.73090267e+00,  9.46180534e+00,  6.10351702e-03,
         1.22070340e-02,  2.44140681e-02,  4.88281362e-02,
         9.76562724e-02,  1.95312545e-01,  3.90625089e-01,
         7.81250179e-01,  6.10351562e-03,  1.22070312e-02,
         2.44140625e-02,  4.88281250e-02,  9.76562500e-02,
         1.95312500e-01,  3.90625000e-01,  7.81250000e-01,
         6.10351516e-03,  1.22070303e-02,  2.44140606e-02,
         4.88281213e-02,  9.76562425e-02,  1.95312485e-01,
         3.90624970e-01,  7.81249940e-01,  6.10351656e-03,
         1.22070331e-02,  2.44140662e-02,  4.88281325e-02,
         9.76562649e-02,  1.95312530e-01,  3.90625060e-01,
         7.81250119e-01,  2.03450508e-02,  4.06901017e-02,
         8.13802034e-02,  1.62760407e-01,  3.25520813e-01,
         6.51041627e-01,  1.30208325e+00,  2.60416651e+00,
         0.00000000e+00,  0.00000000e+00,  0.00000000e+00,
         0.00000000e+00,  0.00000000e+00,  0.00000000e+00,
         0.00000000e+00,  0.00000000e+00,  0.00000000e+00,
         0.00000000e+00,  0.00000000e+00,  0.00000000e+00,
         0.00000000e+00,  0.00000000e+00,  0.00000000e+00,
         0.00000000e+00],
       [ 1.47840708e-01,  2.95681417e-01,  5.91362834e-01,
        -1.26424065e+01,  2.36545134e+00,  4.73090267e+00,
         9.46180534e+00,  1.89236107e+01,  1.47840708e-01,
         2.95681417e-01,  5.91362834e-01,  1.18272567e+00,
         2.36545134e+00,  4.73090267e+00,  9.46180534e+00,
         1.89236107e+01,  1.22070322e-02,  2.44140644e-02,
         4.88281287e-02,  9.76562575e-02,  1.95312515e-01,
         3.90625030e-01,  7.81250060e-01,  1.56250012e+00,
         1.47840708e-01,  2.95681417e-01,  5.91362834e-01,
         1.18272567e+00,  2.36545134e+00,  4.73090267e+00,
         9.46180534e+00,  1.89236107e+01,  1.22070285e-02,
         2.44140569e-02,  4.88281138e-02,  9.76562276e-02,
         1.95312455e-01,  3.90624911e-01,  7.81249821e-01,
         1.56249964e+00,  1.22070340e-02,  2.44140681e-02,
         4.88281362e-02,  9.76562724e-02,  1.95312545e-01,
         3.90625089e-01,  7.81250179e-01,  1.56250036e+00,
         1.47840708e-01,  2.95681417e-01,  5.91362834e-01,
         1.18272567e+00,  2.36545134e+00,  4.73090267e+00,
         9.46180534e+00,  1.89236107e+01,  1.22070340e-02,
         2.44140681e-02,  4.88281362e-02,  9.76562724e-02,
         1.95312545e-01,  3.90625089e-01,  7.81250179e-01,
         1.56250036e+00,  1.22070312e-02,  2.44140625e-02,
         4.88281250e-02,  9.76562500e-02,  1.95312500e-01,
         3.90625000e-01,  7.81250000e-01,  1.56250000e+00,
         1.22070303e-02,  2.44140606e-02,  4.88281213e-02,
         9.76562425e-02,  1.95312485e-01,  3.90624970e-01,
         7.81249940e-01,  1.56249988e+00,  1.22070331e-02,
         2.44140662e-02,  4.88281325e-02,  9.76562649e-02,
         1.95312530e-01,  3.90625060e-01,  7.81250119e-01,
         1.56250024e+00,  4.06901017e-02,  8.13802034e-02,
         1.62760407e-01,  3.25520813e-01,  6.51041627e-01,
         1.30208325e+00,  2.60416651e+00,  5.20833302e+00,
         0.00000000e+00,  0.00000000e+00,  0.00000000e+00,
         0.00000000e+00,  0.00000000e+00,  0.00000000e+00,
         0.00000000e+00,  0.00000000e+00,  0.00000000e+00,
         0.00000000e+00,  0.00000000e+00,  0.00000000e+00,
         0.00000000e+00,  0.00000000e+00,  0.00000000e+00,
         0.00000000e+00],
       [ 2.95681417e-01,  5.91362834e-01,  1.18272567e+00,
         2.36545134e+00, -2.29193611e+01,  9.46180534e+00,
         1.89236107e+01,  3.78472214e+01,  2.95681417e-01,
         5.91362834e-01,  1.18272567e+00,  2.36545134e+00,
         4.73090267e+00,  9.46180534e+00,  1.89236107e+01,
         3.78472214e+01,  2.44140644e-02,  4.88281287e-02,
         9.76562575e-02,  1.95312515e-01,  3.90625030e-01,
         7.81250060e-01,  1.56250012e+00,  3.12500024e+00,
         2.95681417e-01,  5.91362834e-01,  1.18272567e+00,
         2.36545134e+00,  4.73090267e+00,  9.46180534e+00,
         1.89236107e+01,  3.78472214e+01,  2.44140569e-02,
         4.88281138e-02,  9.76562276e-02,  1.95312455e-01,
         3.90624911e-01,  7.81249821e-01,  1.56249964e+00,
         3.12499928e+00,  2.44140681e-02,  4.88281362e-02,
         9.76562724e-02,  1.95312545e-01,  3.90625089e-01,
         7.81250179e-01,  1.56250036e+00,  3.12500072e+00,
         2.95681417e-01,  5.91362834e-01,  1.18272567e+00,
         2.36545134e+00,  4.73090267e+00,  9.46180534e+00,
         1.89236107e+01,  3.78472214e+01,  2.44140681e-02,
         4.88281362e-02,  9.76562724e-02,  1.95312545e-01,
         3.90625089e-01,  7.81250179e-01,  1.56250036e+00,
         3.12500072e+00,  2.44140625e-02,  4.88281250e-02,
         9.76562500e-02,  1.95312500e-01,  3.90625000e-01,
         7.81250000e-01,  1.56250000e+00,  3.12500000e+00,
         2.44140606e-02,  4.88281213e-02,  9.76562425e-02,
         1.95312485e-01,  3.90624970e-01,  7.81249940e-01,
         1.56249988e+00,  3.12499976e+00,  2.44140662e-02,
         4.88281325e-02,  9.76562649e-02,  1.95312530e-01,
         3.90625060e-01,  7.81250119e-01,  1.56250024e+00,
         3.12500048e+00,  8.13802034e-02,  1.62760407e-01,
         3.25520813e-01,  6.51041627e-01,  1.30208325e+00,
         2.60416651e+00,  5.20833302e+00,  1.04166660e+01,
         0.00000000e+00,  0.00000000e+00,  0.00000000e+00,
         0.00000000e+00,  0.00000000e+00,  0.00000000e+00,
         0.00000000e+00,  0.00000000e+00,  0.00000000e+00,
         0.00000000e+00,  0.00000000e+00,  0.00000000e+00,
         0.00000000e+00,  0.00000000e+00,  0.00000000e+00,
         0.00000000e+00],
       [ 5.91362834e-01,  1.18272567e+00,  2.36545134e+00,
         4.73090267e+00,  9.46180534e+00, -3.63769188e+01,
         3.78472214e+01,  7.56944427e+01,  5.91362834e-01,
         1.18272567e+00,  2.36545134e+00,  4.73090267e+00,
         9.46180534e+00,  1.89236107e+01,  3.78472214e+01,
         7.56944427e+01,  4.88281287e-02,  9.76562575e-02,
         1.95312515e-01,  3.90625030e-01,  7.81250060e-01,
         1.56250012e+00,  3.12500024e+00,  6.25000048e+00,
         5.91362834e-01,  1.18272567e+00,  2.36545134e+00,
         4.73090267e+00,  9.46180534e+00,  1.89236107e+01,
         3.78472214e+01,  7.56944427e+01,  4.88281138e-02,
         9.76562276e-02,  1.95312455e-01,  3.90624911e-01,
         7.81249821e-01,  1.56249964e+00,  3.12499928e+00,
         6.24999857e+00,  4.88281362e-02,  9.76562724e-02,
         1.95312545e-01,  3.90625089e-01,  7.81250179e-01,
         1.56250036e+00,  3.12500072e+00,  6.25000143e+00,
         5.91362834e-01,  1.18272567e+00,  2.36545134e+00,
         4.73090267e+00,  9.46180534e+00,  1.89236107e+01,
         3.78472214e+01,  7.56944427e+01,  4.88281362e-02,
         9.76562724e-02,  1.95312545e-01,  3.90625089e-01,
         7.81250179e-01,  1.56250036e+00,  3.12500072e+00,
         6.25000143e+00,  4.88281250e-02,  9.76562500e-02,
         1.95312500e-01,  3.90625000e-01,  7.81250000e-01,
         1.56250000e+00,  3.12500000e+00,  6.25000000e+00,
         4.88281213e-02,  9.76562425e-02,  1.95312485e-01,
         3.90624970e-01,  7.81249940e-01,  1.56249988e+00,
         3.12499976e+00,  6.24999952e+00,  4.88281325e-02,
         9.76562649e-02,  1.95312530e-01,  3.90625060e-01,
         7.81250119e-01,  1.56250024e+00,  3.12500048e+00,
         6.25000095e+00,  1.62760407e-01,  3.25520813e-01,
         6.51041627e-01,  1.30208325e+00,  2.60416651e+00,
         5.20833302e+00,  1.04166660e+01,  2.08333321e+01,
         0.00000000e+00,  0.00000000e+00,  0.00000000e+00,
         0.00000000e+00,  0.00000000e+00,  0.00000000e+00,
         0.00000000e+00,  0.00000000e+00,  0.00000000e+00,
         0.00000000e+00,  0.00000000e+00,  0.00000000e+00,
         0.00000000e+00,  0.00000000e+00,  0.00000000e+00,
         0.00000000e+00],
       [ 1.18272567e+00,  2.36545134e+00,  4.73090267e+00,
         9.46180534e+00,  1.89236107e+01,  3.78472214e+01,
        -3.49066162e+01,  1.51388885e+02,  1.18272567e+00,
         2.36545134e+00,  4.73090267e+00,  9.46180534e+00,
         1.89236107e+01,  3.78472214e+01,  7.56944427e+01,
         1.51388885e+02,  9.76562575e-02,  1.95312515e-01,
         3.90625030e-01,  7.81250060e-01,  1.56250012e+00,
         3.12500024e+00,  6.25000048e+00,  1.25000010e+01,
         1.18272567e+00,  2.36545134e+00,  4.73090267e+00,
         9.46180534e+00,  1.89236107e+01,  3.78472214e+01,
         7.56944427e+01,  1.51388885e+02,  9.76562276e-02,
         1.95312455e-01,  3.90624911e-01,  7.81249821e-01,
         1.56249964e+00,  3.12499928e+00,  6.24999857e+00,
         1.24999971e+01,  9.76562724e-02,  1.95312545e-01,
         3.90625089e-01,  7.81250179e-01,  1.56250036e+00,
         3.12500072e+00,  6.25000143e+00,  1.25000029e+01,
         1.18272567e+00,  2.36545134e+00,  4.73090267e+00,
         9.46180534e+00,  1.89236107e+01,  3.78472214e+01,
         7.56944427e+01,  1.51388885e+02,  9.76562724e-02,
         1.95312545e-01,  3.90625089e-01,  7.81250179e-01,
         1.56250036e+00,  3.12500072e+00,  6.25000143e+00,
         1.25000029e+01,  9.76562500e-02,  1.95312500e-01,
         3.90625000e-01,  7.81250000e-01,  1.56250000e+00,
         3.12500000e+00,  6.25000000e+00,  1.25000000e+01,
         9.76562425e-02,  1.95312485e-01,  3.90624970e-01,
         7.81249940e-01,  1.56249988e+00,  3.12499976e+00,
         6.24999952e+00,  1.24999990e+01,  9.76562649e-02,
         1.95312530e-01,  3.90625060e-01,  7.81250119e-01,
         1.56250024e+00,  3.12500048e+00,  6.25000095e+00,
         1.25000019e+01,  3.25520813e-01,  6.51041627e-01,
         1.30208325e+00,  2.60416651e+00,  5.20833302e+00,
         1.04166660e+01,  2.08333321e+01,  4.16666641e+01,
         0.00000000e+00,  0.00000000e+00,  0.00000000e+00,
         0.00000000e+00,  0.00000000e+00,  0.00000000e+00,
         0.00000000e+00,  0.00000000e+00,  0.00000000e+00,
         0.00000000e+00,  0.00000000e+00,  0.00000000e+00,
         0.00000000e+00,  0.00000000e+00,  0.00000000e+00,
         0.00000000e+00],
       [ 2.36545134e+00,  4.73090267e+00,  9.46180534e+00,
         1.89236107e+01,  3.78472214e+01,  7.56944427e+01,
         1.51388885e+02,  8.15756607e+01,  2.36545134e+00,
         4.73090267e+00,  9.46180534e+00,  1.89236107e+01,
         3.78472214e+01,  7.56944427e+01,  1.51388885e+02,
         3.02777771e+02,  1.95312515e-01,  3.90625030e-01,
         7.81250060e-01,  1.56250012e+00,  3.12500024e+00,
         6.25000048e+00,  1.25000010e+01,  2.50000019e+01,
         2.36545134e+00,  4.73090267e+00,  9.46180534e+00,
         1.89236107e+01,  3.78472214e+01,  7.56944427e+01,
         1.51388885e+02,  3.02777771e+02,  1.95312455e-01,
         3.90624911e-01,  7.81249821e-01,  1.56249964e+00,
         3.12499928e+00,  6.24999857e+00,  1.24999971e+01,
         2.49999943e+01,  1.95312545e-01,  3.90625089e-01,
         7.81250179e-01,  1.56250036e+00,  3.12500072e+00,
         6.25000143e+00,  1.25000029e+01,  2.50000057e+01,
         2.36545134e+00,  4.73090267e+00,  9.46180534e+00,
         1.89236107e+01,  3.78472214e+01,  7.56944427e+01,
         1.51388885e+02,  3.02777771e+02,  1.95312545e-01,
         3.90625089e-01,  7.81250179e-01,  1.56250036e+00,
         3.12500072e+00,  6.25000143e+00,  1.25000029e+01,
         2.50000057e+01,  1.95312500e-01,  3.90625000e-01,
         7.81250000e-01,  1.56250000e+00,  3.12500000e+00,
         6.25000000e+00,  1.25000000e+01,  2.50000000e+01,
         1.95312485e-01,  3.90624970e-01,  7.81249940e-01,
         1.56249988e+00,  3.12499976e+00,  6.24999952e+00,
         1.24999990e+01,  2.49999981e+01,  1.95312530e-01,
         3.90625060e-01,  7.81250119e-01,  1.56250024e+00,
         3.12500048e+00,  6.25000095e+00,  1.25000019e+01,
         2.50000038e+01,  6.51041627e-01,  1.30208325e+00,
         2.60416651e+00,  5.20833302e+00,  1.04166660e+01,
         2.08333321e+01,  4.16666641e+01,  8.33333282e+01,
         0.00000000e+00,  0.00000000e+00,  0.00000000e+00,
         0.00000000e+00,  0.00000000e+00,  0.00000000e+00,
         0.00000000e+00,  0.00000000e+00,  0.00000000e+00,
         0.00000000e+00,  0.00000000e+00,  0.00000000e+00,
         0.00000000e+00,  0.00000000e+00,  0.00000000e+00,
         0.00000000e+00],
       [ 1.84800886e-02,  3.69601771e-02,  7.39203542e-02,
         1.47840708e-01,  2.95681417e-01,  5.91362834e-01,
         1.18272567e+00,  2.36545134e+00, -1.70967317e+00,
         3.69601920e-02,  7.39203840e-02,  1.47840768e-01,
         2.95681536e-01,  5.91363072e-01,  1.18272614e+00,
         2.36545229e+00,  1.52587728e-03,  3.05175455e-03,
         6.10350911e-03,  1.22070182e-02,  2.44140364e-02,
         4.88280728e-02,  9.76561457e-02,  1.95312291e-01,
         1.84800904e-02,  3.69601808e-02,  7.39203617e-02,
         1.47840723e-01,  2.95681447e-01,  5.91362894e-01,
         1.18272579e+00,  2.36545157e+00,  1.52588752e-03,
         3.05177504e-03,  6.10355008e-03,  1.22071002e-02,
         2.44142003e-02,  4.88284007e-02,  9.76568013e-02,
         1.95313603e-01,  1.52587460e-03,  3.05174920e-03,
         6.10349840e-03,  1.22069968e-02,  2.44139936e-02,
         4.88279872e-02,  9.76559743e-02,  1.95311949e-01,
         1.84800886e-02,  3.69601771e-02,  7.39203542e-02,
         1.47840708e-01,  2.95681417e-01,  5.91362834e-01,
         1.18272567e+00,  2.36545134e+00,  1.52587297e-03,
         3.05174594e-03,  6.10349188e-03,  1.22069838e-02,
         2.44139675e-02,  4.88279350e-02,  9.76558700e-02,
         1.95311740e-01,  1.52587984e-03,  3.05175968e-03,
         6.10351935e-03,  1.22070387e-02,  2.44140774e-02,
         4.88281548e-02,  9.76563096e-02,  1.95312619e-01,
         1.52588391e-03,  3.05176782e-03,  6.10353565e-03,
         1.22070713e-02,  2.44141426e-02,  4.88282852e-02,
         9.76565704e-02,  1.95313141e-01,  1.52587460e-03,
         3.05174920e-03,  6.10349840e-03,  1.22069968e-02,
         2.44139936e-02,  4.88279872e-02,  9.76559743e-02,
         1.95311949e-01,  5.08626271e-03,  1.01725254e-02,
         2.03450508e-02,  4.06901017e-02,  8.13802034e-02,
         1.62760407e-01,  3.25520813e-01,  6.51041627e-01,
         0.00000000e+00,  0.00000000e+00,  0.00000000e+00,
         0.00000000e+00,  0.00000000e+00,  0.00000000e+00,
         0.00000000e+00,  0.00000000e+00,  0.00000000e+00,
         0.00000000e+00,  0.00000000e+00,  0.00000000e+00,
         0.00000000e+00,  0.00000000e+00,  0.00000000e+00,
         0.00000000e+00],
       [ 3.69601771e-02,  7.39203542e-02,  1.47840708e-01,
         2.95681417e-01,  5.91362834e-01,  1.18272567e+00,
         2.36545134e+00,  4.73090267e+00,  3.69601920e-02,
        -3.38238621e+00,  1.47840768e-01,  2.95681536e-01,
         5.91363072e-01,  1.18272614e+00,  2.36545229e+00,
         4.73090458e+00,  3.05175455e-03,  6.10350911e-03,
         1.22070182e-02,  2.44140364e-02,  4.88280728e-02,
         9.76561457e-02,  1.95312291e-01,  3.90624583e-01,
         3.69601808e-02,  7.39203617e-02,  1.47840723e-01,
         2.95681447e-01,  5.91362894e-01,  1.18272579e+00,
         2.36545157e+00,  4.73090315e+00,  3.05177504e-03,
         6.10355008e-03,  1.22071002e-02,  2.44142003e-02,
         4.88284007e-02,  9.76568013e-02,  1.95313603e-01,
         3.90627205e-01,  3.05174920e-03,  6.10349840e-03,
         1.22069968e-02,  2.44139936e-02,  4.88279872e-02,
         9.76559743e-02,  1.95311949e-01,  3.90623897e-01,
         3.69601771e-02,  7.39203542e-02,  1.47840708e-01,
         2.95681417e-01,  5.91362834e-01,  1.18272567e+00,
         2.36545134e+00,  4.73090267e+00,  3.05174594e-03,
         6.10349188e-03,  1.22069838e-02,  2.44139675e-02,
         4.88279350e-02,  9.76558700e-02,  1.95311740e-01,
         3.90623480e-01,  3.05175968e-03,  6.10351935e-03,
         1.22070387e-02,  2.44140774e-02,  4.88281548e-02,
         9.76563096e-02,  1.95312619e-01,  3.90625238e-01,
         3.05176782e-03,  6.10353565e-03,  1.22070713e-02,
         2.44141426e-02,  4.88282852e-02,  9.76565704e-02,
         1.95313141e-01,  3.90626281e-01,  3.05174920e-03,
         6.10349840e-03,  1.22069968e-02,  2.44139936e-02,
         4.88279872e-02,  9.76559743e-02,  1.95311949e-01,
         3.90623897e-01,  1.01725254e-02,  2.03450508e-02,
         4.06901017e-02,  8.13802034e-02,  1.62760407e-01,
         3.25520813e-01,  6.51041627e-01,  1.30208325e+00,
         0.00000000e+00,  0.00000000e+00,  0.00000000e+00,
         0.00000000e+00,  0.00000000e+00,  0.00000000e+00,
         0.00000000e+00,  0.00000000e+00,  0.00000000e+00,
         0.00000000e+00,  0.00000000e+00,  0.00000000e+00,
         0.00000000e+00,  0.00000000e+00,  0.00000000e+00,
         0.00000000e+00],
       [ 7.39203542e-02,  1.47840708e-01,  2.95681417e-01,
         5.91362834e-01,  1.18272567e+00,  2.36545134e+00,
         4.73090267e+00,  9.46180534e+00,  7.39203840e-02,
         1.47840768e-01, -6.61693192e+00,  5.91363072e-01,
         1.18272614e+00,  2.36545229e+00,  4.73090458e+00,
         9.46180916e+00,  6.10350911e-03,  1.22070182e-02,
         2.44140364e-02,  4.88280728e-02,  9.76561457e-02,
         1.95312291e-01,  3.90624583e-01,  7.81249166e-01,
         7.39203617e-02,  1.47840723e-01,  2.95681447e-01,
         5.91362894e-01,  1.18272579e+00,  2.36545157e+00,
         4.73090315e+00,  9.46180630e+00,  6.10355008e-03,
         1.22071002e-02,  2.44142003e-02,  4.88284007e-02,
         9.76568013e-02,  1.95313603e-01,  3.90627205e-01,
         7.81254411e-01,  6.10349840e-03,  1.22069968e-02,
         2.44139936e-02,  4.88279872e-02,  9.76559743e-02,
         1.95311949e-01,  3.90623897e-01,  7.81247795e-01,
         7.39203542e-02,  1.47840708e-01,  2.95681417e-01,
         5.91362834e-01,  1.18272567e+00,  2.36545134e+00,
         4.73090267e+00,  9.46180534e+00,  6.10349188e-03,
         1.22069838e-02,  2.44139675e-02,  4.88279350e-02,
         9.76558700e-02,  1.95311740e-01,  3.90623480e-01,
         7.81246960e-01,  6.10351935e-03,  1.22070387e-02,
         2.44140774e-02,  4.88281548e-02,  9.76563096e-02,
         1.95312619e-01,  3.90625238e-01,  7.81250477e-01,
         6.10353565e-03,  1.22070713e-02,  2.44141426e-02,
         4.88282852e-02,  9.76565704e-02,  1.95313141e-01,
         3.90626281e-01,  7.81252563e-01,  6.10349840e-03,
         1.22069968e-02,  2.44139936e-02,  4.88279872e-02,
         9.76559743e-02,  1.95311949e-01,  3.90623897e-01,
         7.81247795e-01,  2.03450508e-02,  4.06901017e-02,
         8.13802034e-02,  1.62760407e-01,  3.25520813e-01,
         6.51041627e-01,  1.30208325e+00,  2.60416651e+00,
         0.00000000e+00,  0.00000000e+00,  0.00000000e+00,
         0.00000000e+00,  0.00000000e+00,  0.00000000e+00,
         0.00000000e+00,  0.00000000e+00,  0.00000000e+00,
         0.00000000e+00,  0.00000000e+00,  0.00000000e+00,
         0.00000000e+00,  0.00000000e+00,  0.00000000e+00,
         0.00000000e+00],
       [ 1.47840708e-01,  2.95681417e-01,  5.91362834e-01,
         1.18272567e+00,  2.36545134e+00,  4.73090267e+00,
         9.46180534e+00,  1.89236107e+01,  1.47840768e-01,
         2.95681536e-01,  5.91363072e-01, -1.26424999e+01,
         2.36545229e+00,  4.73090458e+00,  9.46180916e+00,
         1.89236183e+01,  1.22070182e-02,  2.44140364e-02,
         4.88280728e-02,  9.76561457e-02,  1.95312291e-01,
         3.90624583e-01,  7.81249166e-01,  1.56249833e+00,
         1.47840723e-01,  2.95681447e-01,  5.91362894e-01,
         1.18272579e+00,  2.36545157e+00,  4.73090315e+00,
         9.46180630e+00,  1.89236126e+01,  1.22071002e-02,
         2.44142003e-02,  4.88284007e-02,  9.76568013e-02,
         1.95313603e-01,  3.90627205e-01,  7.81254411e-01,
         1.56250882e+00,  1.22069968e-02,  2.44139936e-02,
         4.88279872e-02,  9.76559743e-02,  1.95311949e-01,
         3.90623897e-01,  7.81247795e-01,  1.56249559e+00,
         1.47840708e-01,  2.95681417e-01,  5.91362834e-01,
         1.18272567e+00,  2.36545134e+00,  4.73090267e+00,
         9.46180534e+00,  1.89236107e+01,  1.22069838e-02,
         2.44139675e-02,  4.88279350e-02,  9.76558700e-02,
         1.95311740e-01,  3.90623480e-01,  7.81246960e-01,
         1.56249392e+00,  1.22070387e-02,  2.44140774e-02,
         4.88281548e-02,  9.76563096e-02,  1.95312619e-01,
         3.90625238e-01,  7.81250477e-01,  1.56250095e+00,
         1.22070713e-02,  2.44141426e-02,  4.88282852e-02,
         9.76565704e-02,  1.95313141e-01,  3.90626281e-01,
         7.81252563e-01,  1.56250513e+00,  1.22069968e-02,
         2.44139936e-02,  4.88279872e-02,  9.76559743e-02,
         1.95311949e-01,  3.90623897e-01,  7.81247795e-01,
         1.56249559e+00,  4.06901017e-02,  8.13802034e-02,
         1.62760407e-01,  3.25520813e-01,  6.51041627e-01,
         1.30208325e+00,  2.60416651e+00,  5.20833302e+00,
         0.00000000e+00,  0.00000000e+00,  0.00000000e+00,
         0.00000000e+00,  0.00000000e+00,  0.00000000e+00,
         0.00000000e+00,  0.00000000e+00,  0.00000000e+00,
         0.00000000e+00,  0.00000000e+00,  0.00000000e+00,
         0.00000000e+00,  0.00000000e+00,  0.00000000e+00,
         0.00000000e+00],
       [ 2.95681417e-01,  5.91362834e-01,  1.18272567e+00,
         2.36545134e+00,  4.73090267e+00,  9.46180534e+00,
         1.89236107e+01,  3.78472214e+01,  2.95681536e-01,
         5.91363072e-01,  1.18272614e+00,  2.36545229e+00,
        -2.29195480e+01,  9.46180916e+00,  1.89236183e+01,
         3.78472366e+01,  2.44140364e-02,  4.88280728e-02,
         9.76561457e-02,  1.95312291e-01,  3.90624583e-01,
         7.81249166e-01,  1.56249833e+00,  3.12499666e+00,
         2.95681447e-01,  5.91362894e-01,  1.18272579e+00,
         2.36545157e+00,  4.73090315e+00,  9.46180630e+00,
         1.89236126e+01,  3.78472252e+01,  2.44142003e-02,
         4.88284007e-02,  9.76568013e-02,  1.95313603e-01,
         3.90627205e-01,  7.81254411e-01,  1.56250882e+00,
         3.12501764e+00,  2.44139936e-02,  4.88279872e-02,
         9.76559743e-02,  1.95311949e-01,  3.90623897e-01,
         7.81247795e-01,  1.56249559e+00,  3.12499118e+00,
         2.95681417e-01,  5.91362834e-01,  1.18272567e+00,
         2.36545134e+00,  4.73090267e+00,  9.46180534e+00,
         1.89236107e+01,  3.78472214e+01,  2.44139675e-02,
         4.88279350e-02,  9.76558700e-02,  1.95311740e-01,
         3.90623480e-01,  7.81246960e-01,  1.56249392e+00,
         3.12498784e+00,  2.44140774e-02,  4.88281548e-02,
         9.76563096e-02,  1.95312619e-01,  3.90625238e-01,
         7.81250477e-01,  1.56250095e+00,  3.12500191e+00,
         2.44141426e-02,  4.88282852e-02,  9.76565704e-02,
         1.95313141e-01,  3.90626281e-01,  7.81252563e-01,
         1.56250513e+00,  3.12501025e+00,  2.44139936e-02,
         4.88279872e-02,  9.76559743e-02,  1.95311949e-01,
         3.90623897e-01,  7.81247795e-01,  1.56249559e+00,
         3.12499118e+00,  8.13802034e-02,  1.62760407e-01,
         3.25520813e-01,  6.51041627e-01,  1.30208325e+00,
         2.60416651e+00,  5.20833302e+00,  1.04166660e+01,
         0.00000000e+00,  0.00000000e+00,  0.00000000e+00,
         0.00000000e+00,  0.00000000e+00,  0.00000000e+00,
         0.00000000e+00,  0.00000000e+00,  0.00000000e+00,
         0.00000000e+00,  0.00000000e+00,  0.00000000e+00,
         0.00000000e+00,  0.00000000e+00,  0.00000000e+00,
         0.00000000e+00],
       [ 5.91362834e-01,  1.18272567e+00,  2.36545134e+00,
         4.73090267e+00,  9.46180534e+00,  1.89236107e+01,
         3.78472214e+01,  7.56944427e+01,  5.91363072e-01,
         1.18272614e+00,  2.36545229e+00,  4.73090458e+00,
         9.46180916e+00, -3.63772888e+01,  3.78472366e+01,
         7.56944733e+01,  4.88280728e-02,  9.76561457e-02,
         1.95312291e-01,  3.90624583e-01,  7.81249166e-01,
         1.56249833e+00,  3.12499666e+00,  6.24999332e+00,
         5.91362894e-01,  1.18272579e+00,  2.36545157e+00,
         4.73090315e+00,  9.46180630e+00,  1.89236126e+01,
         3.78472252e+01,  7.56944504e+01,  4.88284007e-02,
         9.76568013e-02,  1.95313603e-01,  3.90627205e-01,
         7.81254411e-01,  1.56250882e+00,  3.12501764e+00,
         6.25003529e+00,  4.88279872e-02,  9.76559743e-02,
         1.95311949e-01,  3.90623897e-01,  7.81247795e-01,
         1.56249559e+00,  3.12499118e+00,  6.24998236e+00,
         5.91362834e-01,  1.18272567e+00,  2.36545134e+00,
         4.73090267e+00,  9.46180534e+00,  1.89236107e+01,
         3.78472214e+01,  7.56944427e+01,  4.88279350e-02,
         9.76558700e-02,  1.95311740e-01,  3.90623480e-01,
         7.81246960e-01,  1.56249392e+00,  3.12498784e+00,
         6.24997568e+00,  4.88281548e-02,  9.76563096e-02,
         1.95312619e-01,  3.90625238e-01,  7.81250477e-01,
         1.56250095e+00,  3.12500191e+00,  6.25000381e+00,
         4.88282852e-02,  9.76565704e-02,  1.95313141e-01,
         3.90626281e-01,  7.81252563e-01,  1.56250513e+00,
         3.12501025e+00,  6.25002050e+00,  4.88279872e-02,
         9.76559743e-02,  1.95311949e-01,  3.90623897e-01,
         7.81247795e-01,  1.56249559e+00,  3.12499118e+00,
         6.24998236e+00,  1.62760407e-01,  3.25520813e-01,
         6.51041627e-01,  1.30208325e+00,  2.60416651e+00,
         5.20833302e+00,  1.04166660e+01,  2.08333321e+01,
         0.00000000e+00,  0.00000000e+00,  0.00000000e+00,
         0.00000000e+00,  0.00000000e+00,  0.00000000e+00,
         0.00000000e+00,  0.00000000e+00,  0.00000000e+00,
         0.00000000e+00,  0.00000000e+00,  0.00000000e+00,
         0.00000000e+00,  0.00000000e+00,  0.00000000e+00,
         0.00000000e+00],
       [ 1.18272567e+00,  2.36545134e+00,  4.73090267e+00,
         9.46180534e+00,  1.89236107e+01,  3.78472214e+01,
         7.56944427e+01,  1.51388885e+02,  1.18272614e+00,
         2.36545229e+00,  4.73090458e+00,  9.46180916e+00,
         1.89236183e+01,  3.78472366e+01, -3.49073372e+01,
         1.51388947e+02,  9.76561457e-02,  1.95312291e-01,
         3.90624583e-01,  7.81249166e-01,  1.56249833e+00,
         3.12499666e+00,  6.24999332e+00,  1.24999866e+01,
         1.18272579e+00,  2.36545157e+00,  4.73090315e+00,
         9.46180630e+00,  1.89236126e+01,  3.78472252e+01,
         7.56944504e+01,  1.51388901e+02,  9.76568013e-02,
         1.95313603e-01,  3.90627205e-01,  7.81254411e-01,
         1.56250882e+00,  3.12501764e+00,  6.25003529e+00,
         1.25000706e+01,  9.76559743e-02,  1.95311949e-01,
         3.90623897e-01,  7.81247795e-01,  1.56249559e+00,
         3.12499118e+00,  6.24998236e+00,  1.24999647e+01,
         1.18272567e+00,  2.36545134e+00,  4.73090267e+00,
         9.46180534e+00,  1.89236107e+01,  3.78472214e+01,
         7.56944427e+01,  1.51388885e+02,  9.76558700e-02,
         1.95311740e-01,  3.90623480e-01,  7.81246960e-01,
         1.56249392e+00,  3.12498784e+00,  6.24997568e+00,
         1.24999514e+01,  9.76563096e-02,  1.95312619e-01,
         3.90625238e-01,  7.81250477e-01,  1.56250095e+00,
         3.12500191e+00,  6.25000381e+00,  1.25000076e+01,
         9.76565704e-02,  1.95313141e-01,  3.90626281e-01,
         7.81252563e-01,  1.56250513e+00,  3.12501025e+00,
         6.25002050e+00,  1.25000410e+01,  9.76559743e-02,
         1.95311949e-01,  3.90623897e-01,  7.81247795e-01,
         1.56249559e+00,  3.12499118e+00,  6.24998236e+00,
         1.24999647e+01,  3.25520813e-01,  6.51041627e-01,
         1.30208325e+00,  2.60416651e+00,  5.20833302e+00,
         1.04166660e+01,  2.08333321e+01,  4.16666641e+01,
         0.00000000e+00,  0.00000000e+00,  0.00000000e+00,
         0.00000000e+00,  0.00000000e+00,  0.00000000e+00,
         0.00000000e+00,  0.00000000e+00,  0.00000000e+00,
         0.00000000e+00,  0.00000000e+00,  0.00000000e+00,
         0.00000000e+00,  0.00000000e+00,  0.00000000e+00,
         0.00000000e+00],
       [ 2.36545134e+00,  4.73090267e+00,  9.46180534e+00,
         1.89236107e+01,  3.78472214e+01,  7.56944427e+01,
         1.51388885e+02,  3.02777771e+02,  2.36545229e+00,
         4.73090458e+00,  9.46180916e+00,  1.89236183e+01,
         3.78472366e+01,  7.56944733e+01,  1.51388947e+02,
         8.15742798e+01,  1.95312291e-01,  3.90624583e-01,
         7.81249166e-01,  1.56249833e+00,  3.12499666e+00,
         6.24999332e+00,  1.24999866e+01,  2.49999733e+01,
         2.36545157e+00,  4.73090315e+00,  9.46180630e+00,
         1.89236126e+01,  3.78472252e+01,  7.56944504e+01,
         1.51388901e+02,  3.02777802e+02,  1.95313603e-01,
         3.90627205e-01,  7.81254411e-01,  1.56250882e+00,
         3.12501764e+00,  6.25003529e+00,  1.25000706e+01,
         2.50001411e+01,  1.95311949e-01,  3.90623897e-01,
         7.81247795e-01,  1.56249559e+00,  3.12499118e+00,
         6.24998236e+00,  1.24999647e+01,  2.49999294e+01,
         2.36545134e+00,  4.73090267e+00,  9.46180534e+00,
         1.89236107e+01,  3.78472214e+01,  7.56944427e+01,
         1.51388885e+02,  3.02777771e+02,  1.95311740e-01,
         3.90623480e-01,  7.81246960e-01,  1.56249392e+00,
         3.12498784e+00,  6.24997568e+00,  1.24999514e+01,
         2.49999027e+01,  1.95312619e-01,  3.90625238e-01,
         7.81250477e-01,  1.56250095e+00,  3.12500191e+00,
         6.25000381e+00,  1.25000076e+01,  2.50000153e+01,
         1.95313141e-01,  3.90626281e-01,  7.81252563e-01,
         1.56250513e+00,  3.12501025e+00,  6.25002050e+00,
         1.25000410e+01,  2.50000820e+01,  1.95311949e-01,
         3.90623897e-01,  7.81247795e-01,  1.56249559e+00,
         3.12499118e+00,  6.24998236e+00,  1.24999647e+01,
         2.49999294e+01,  6.51041627e-01,  1.30208325e+00,
         2.60416651e+00,  5.20833302e+00,  1.04166660e+01,
         2.08333321e+01,  4.16666641e+01,  8.33333282e+01,
         0.00000000e+00,  0.00000000e+00,  0.00000000e+00,
         0.00000000e+00,  0.00000000e+00,  0.00000000e+00,
         0.00000000e+00,  0.00000000e+00,  0.00000000e+00,
         0.00000000e+00,  0.00000000e+00,  0.00000000e+00,
         0.00000000e+00,  0.00000000e+00,  0.00000000e+00,
         0.00000000e+00],
       [ 1.52587902e-03,  3.05175805e-03,  6.10351609e-03,
         1.22070322e-02,  2.44140644e-02,  4.88281287e-02,
         9.76562575e-02,  1.95312515e-01,  1.52587728e-03,
         3.05175455e-03,  6.10350911e-03,  1.22070182e-02,
         2.44140364e-02,  4.88280728e-02,  9.76561457e-02,
         1.95312291e-01, -7.79700696e-01,  3.05175968e-03,
         6.10351935e-03,  1.22070387e-02,  2.44140774e-02,
         4.88281548e-02,  9.76563096e-02,  1.95312619e-01,
         1.52587844e-03,  3.05175688e-03,  6.10351376e-03,
         1.22070275e-02,  2.44140550e-02,  4.88281101e-02,
         9.76562202e-02,  1.95312440e-01,  1.52587728e-03,
         3.05175455e-03,  6.10350911e-03,  1.22070182e-02,
         2.44140364e-02,  4.88280728e-02,  9.76561457e-02,
         1.95312291e-01,  1.52588158e-03,  3.05176317e-03,
         6.10352634e-03,  1.22070527e-02,  2.44141053e-02,
         4.88282107e-02,  9.76564214e-02,  1.95312843e-01,
         1.52587926e-03,  3.05175851e-03,  6.10351702e-03,
         1.22070340e-02,  2.44140681e-02,  4.88281362e-02,
         9.76562724e-02,  1.95312545e-01,  1.52588298e-03,
         3.05176596e-03,  6.10353192e-03,  1.22070638e-02,
         2.44141277e-02,  4.88282554e-02,  9.76565108e-02,
         1.95313022e-01,  1.52587867e-03,  3.05175735e-03,
         6.10351469e-03,  1.22070294e-02,  2.44140588e-02,
         4.88281175e-02,  9.76562351e-02,  1.95312470e-01,
         1.52587786e-03,  3.05175572e-03,  6.10351143e-03,
         1.22070229e-02,  2.44140457e-02,  4.88280915e-02,
         9.76561829e-02,  1.95312366e-01,  1.52588158e-03,
         3.05176317e-03,  6.10352634e-03,  1.22070527e-02,
         2.44141053e-02,  4.88282107e-02,  9.76564214e-02,
         1.95312843e-01,  0.00000000e+00,  0.00000000e+00,
         0.00000000e+00,  0.00000000e+00,  0.00000000e+00,
         0.00000000e+00,  0.00000000e+00,  0.00000000e+00,
         0.00000000e+00,  0.00000000e+00,  0.00000000e+00,
         0.00000000e+00,  0.00000000e+00,  0.00000000e+00,
         0.00000000e+00,  0.00000000e+00,  0.00000000e+00,
         0.00000000e+00,  0.00000000e+00,  0.00000000e+00,
         0.00000000e+00,  0.00000000e+00,  0.00000000e+00,
         0.00000000e+00],
       [ 3.05175805e-03,  6.10351609e-03,  1.22070322e-02,
         2.44140644e-02,  4.88281287e-02,  9.76562575e-02,
         1.95312515e-01,  3.90625030e-01,  3.05175455e-03,
         6.10350911e-03,  1.22070182e-02,  2.44140364e-02,
         4.88280728e-02,  9.76561457e-02,  1.95312291e-01,
         3.90624583e-01,  3.05175968e-03, -1.55634964e+00,
         1.22070387e-02,  2.44140774e-02,  4.88281548e-02,
         9.76563096e-02,  1.95312619e-01,  3.90625238e-01,
         3.05175688e-03,  6.10351376e-03,  1.22070275e-02,
         2.44140550e-02,  4.88281101e-02,  9.76562202e-02,
         1.95312440e-01,  3.90624881e-01,  3.05175455e-03,
         6.10350911e-03,  1.22070182e-02,  2.44140364e-02,
         4.88280728e-02,  9.76561457e-02,  1.95312291e-01,
         3.90624583e-01,  3.05176317e-03,  6.10352634e-03,
         1.22070527e-02,  2.44141053e-02,  4.88282107e-02,
         9.76564214e-02,  1.95312843e-01,  3.90625685e-01,
         3.05175851e-03,  6.10351702e-03,  1.22070340e-02,
         2.44140681e-02,  4.88281362e-02,  9.76562724e-02,
         1.95312545e-01,  3.90625089e-01,  3.05176596e-03,
         6.10353192e-03,  1.22070638e-02,  2.44141277e-02,
         4.88282554e-02,  9.76565108e-02,  1.95313022e-01,
         3.90626043e-01,  3.05175735e-03,  6.10351469e-03,
         1.22070294e-02,  2.44140588e-02,  4.88281175e-02,
         9.76562351e-02,  1.95312470e-01,  3.90624940e-01,
         3.05175572e-03,  6.10351143e-03,  1.22070229e-02,
         2.44140457e-02,  4.88280915e-02,  9.76561829e-02,
         1.95312366e-01,  3.90624732e-01,  3.05176317e-03,
         6.10352634e-03,  1.22070527e-02,  2.44141053e-02,
         4.88282107e-02,  9.76564214e-02,  1.95312843e-01,
         3.90625685e-01,  0.00000000e+00,  0.00000000e+00,
         0.00000000e+00,  0.00000000e+00,  0.00000000e+00,
         0.00000000e+00,  0.00000000e+00,  0.00000000e+00,
         0.00000000e+00,  0.00000000e+00,  0.00000000e+00,
         0.00000000e+00,  0.00000000e+00,  0.00000000e+00,
         0.00000000e+00,  0.00000000e+00,  0.00000000e+00,
         0.00000000e+00,  0.00000000e+00,  0.00000000e+00,
         0.00000000e+00,  0.00000000e+00,  0.00000000e+00,
         0.00000000e+00],
       [ 6.10351609e-03,  1.22070322e-02,  2.44140644e-02,
         4.88281287e-02,  9.76562575e-02,  1.95312515e-01,
