{"size": [112, 112], "args": [["A12.csv", "A13.csv", "A14.csv", "A15.csv", "A16.csv", "A17.csv", "A18.csv", "A19.csv", "A20.csv", "A21.csv", "A22.csv"], 0.3, 0.5, 0.5, 0.3, 5, [64, 32, 16], [[100.0, 100.0, 100.0, 100.0], [10.0, 10.0, 10.0, 10.0], [50.0, 50.0, 50.0, 50.0], [200.0, 200.0, 200.0, 200.0]]], "c": [200.0, 200.0, 200.0, 200.0], "tag": "r11-12-13-14-15-16-17-18-19-20-21-0.3-0.5-0.5-0.3-5-200.0-200.0-200.0-200.0-112x112", "data:": {"q": {"x1": [0.0], "x2": [0.0], "x3": [0.0], "x4": [0.0], "x5": [0.0], "x6": [0.0], "x7": [0.09375], "x8": [0.0625], "x9": [0.84375], "x10": [0.0], "x11": [0.0]}, "program": "minimize(list(x1,x2,x3,x4,x5,x6,x7,x8,x9,x10,x11),((0.00050280851*x1*x1)+(-0.00012507512118904626*x1*x2)+(-2.6265717837698503e-05*x1*x3)+(0.0007716341331484096*x1*x4)+(6.594557588257376e-05*x1*x5)+(0.0004882569212903582*x1*x6)+(-0.00012086615632428277*x1*x7)+(-5.8109452353422897e-05*x1*x8)+(0.000178025101641345*x1*x9)+(-0.00018347904580295462*x1*x10)+(2.0549435376446195e-05*x1*x11)+(-0.00012507512118904626*x2*x1)+(0.0002215961095*x2*x2)+(4.218949063863856e-05*x2*x3)+(-0.00016792661800654467*x2*x4)+(-1.4948160285571531e-05*x2*x5)+(-0.00012572726811724565*x2*x6)+(0.0003872377010143229*x2*x7)+(9.236237925470405e-05*x2*x8)+(-4.755873387364319e-05*x2*x9)+(0.00032746501312675997*x2*x10)+(-3.0454964558041717e-06*x2*x11)+(-2.6265717837698503e-05*x3*x1)+(4.218949063863856e-05*x3*x2)+(1.033340535e-05*x3*x3)+(-4.436149644958405e-05*x3*x4)+(1.3497004569937047e-06*x3*x5)+(-2.4227863747065198e-05*x3*x6)+(5.591651729936027e-05*x3*x7)+(2.1512659473583666e-05*x3*x8)+(-8.064286914609717e-06*x3*x9)+(6.194778450494852e-05*x3*x10)+(1.340410027323137e-06*x3*x11)+(0.0007716341331484096*x4*x1)+(-0.00016792661800654467*x4*x2)+(-4.436149644958405e-05*x4*x3)+(0.001219171765*x4*x4)+(8.448360776052281e-05*x4*x5)+(0.0007409987938044593*x4*x6)+(-7.594969003890147e-05*x4*x7)+(-9.390903195979245e-05*x4*x8)+(0.0002658839811955074*x4*x9)+(-0.0002445791185319458*x4*x10)+(2.4219433917583816e-05*x4*x11)+(6.594557588257376e-05*x5*x1)+(-1.4948160285571531e-05*x5*x2)+(1.3497004569937047e-06*x5*x3)+(8.448360776052281e-05*x5*x4)+(1.76012048e-05*x5*x5)+(6.811178297563042e-05*x5*x6)+(-4.723865257054877e-05*x5*x7)+(6.733596115494486e-07*x5*x8)+(2.6978291679793516e-05*x5*x9)+(-2.2681670264362708e-05*x5*x10)+(6.718961080720944e-06*x5*x11)+(0.0004882569212903582*x6*x1)+(-0.00012572726811724565*x6*x2)+(-2.4227863747065198e-05*x6*x3)+(0.0007409987938044593*x6*x4)+(6.811178297563042e-05*x6*x5)+(0.000476109129*x6*x6)+(-0.00014105102986595528*x6*x7)+(-5.46380512401881e-05*x6*x8)+(0.00017462521723884202*x6*x9)+(-0.00018484394543854063*x6*x10)+(2.1749604333739753e-05*x6*x11)+(-0.00012086615632428277*x7*x1)+(0.0003872377010143229*x7*x2)+(5.591651729936027e-05*x7*x3)+(-7.594969003890147e-05*x7*x4)+(-4.723865257054877e-05*x7*x5)+(-0.00014105102986595528*x7*x6)+(0.0008289610999999998*x7*x7)+(0.0001306733543215336*x7*x8)+(-6.287869090576698e-05*x7*x9)+(0.0005754932226576988*x7*x10)+(-1.6358916909703923e-05*x7*x11)+(-5.8109452353422897e-05*x8*x1)+(9.236237925470405e-05*x8*x2)+(2.1512659473583666e-05*x8*x3)+(-9.390903195979245e-05*x8*x4)+(6.733596115494486e-07*x8*x5)+(-5.46380512401881e-05*x8*x6)+(0.0001306733543215336*x8*x7)+(4.5209582999999995e-05*x8*x8)+(-1.8766621000074788e-05*x8*x9)+(0.00013580581740069058*x8*x10)+(1.9215260936661836e-06*x8*x11)+(0.000178025101641345*x9*x1)+(-4.755873387364319e-05*x9*x2)+(-8.064286914609717e-06*x9*x3)+(0.0002658839811955074*x9*x4)+(2.6978291679793516e-05*x9*x5)+(0.00017462521723884202*x9*x6)+(-6.287869090576698e-05*x9*x7)+(-1.8766621000074788e-05*x9*x8)+(6.45818595e-05*x9*x9)+(-7.012292880990688e-05*x9*x10)+(8.87847287254359e-06*x9*x11)+(-0.00018347904580295462*x10*x1)+(0.00032746501312675997*x10*x2)+(6.194778450494852e-05*x10*x3)+(-0.0002445791185319458*x10*x4)+(-2.2681670264362708e-05*x10*x5)+(-0.00018484394543854063*x10*x6)+(0.0005754932226576988*x10*x7)+(0.00013580581740069058*x10*x8)+(-7.012292880990688e-05*x10*x9)+(0.00048398427749999994*x10*x10)+(-4.787578128776502e-06*x10*x11)+(2.0549435376446195e-05*x11*x1)+(-3.0454964558041717e-06*x11*x2)+(1.340410027323137e-06*x11*x3)+(2.4219433917583816e-05*x11*x4)+(6.718961080720944e-06*x11*x5)+(2.1749604333739753e-05*x11*x6)+(-1.6358916909703923e-05*x11*x7)+(1.9215260936661836e-06*x11*x8)+(8.87847287254359e-06*x11*x9)+(-4.787578128776502e-06*x11*x10)+(2.65894021e-06*x11*x11)-((-0.01*x1)+(-0.0185*x2)+(-0.0115*x3)+(-0.007*x4)+(-0.0225*x5)+(-0.0115*x6)+(-0.006*x7)+(-0.0115*x8)+(-0.006*x9)+(-0.017*x10)+(-0.02*x11))))\n & label('total', x1+x2+x3+x4+x5+x6+x7+x8+x9+x10+x11==1.0) & \nlabel('eqlimit', (0.0*x1)+(0.0*x2)+(0.0*x3)+(0.0*x4)+(3.3333333333333335*x5)+(0.0*x6)+(0.0*x7)+(3.3333333333333335*x8)+(0.0*x9)+(3.3333333333333335*x10)+(3.3333333333333335*x11)<1.0) & \nlabel('filimit', (2.0*x1)+(2.0*x2)+(0.0*x3)+(0.0*x4)+(0.0*x5)+(2.0*x6)+(0.0*x7)+(0.0*x8)+(0.0*x9)+(0.0*x10)+(0.0*x11)<1.0) & \nlabel('xxxlimit', (0.0*x1)+(0.0*x2)+(2.0*x3)+(2.0*x4)+(0.0*x5)+(0.0*x6)+(2.0*x7)+(0.0*x8)+(0.0*x9)+(0.0*x10)+(0.0*x11)<1.0)", "matrix": [[-3.419401168823242, 0.0739203542470932, 0.1478407084941864, 0.2956814169883728, 0.5913628339767456, 1.1827256679534912, 2.3654513359069824, 4.730902671813965, 0.0369601771235466, 0.0739203542470932, 0.1478407084941864, 0.2956814169883728, 0.5913628339767456, 1.1827256679534912, 2.3654513359069824, 4.730902671813965, 0.0030517580453306437, 0.006103516090661287, 0.012207032181322575, 0.02441406436264515, 0.0488281287252903, 0.0976562574505806, 0.1953125149011612, 0.3906250298023224, 0.0369601771235466, 0.0739203542470932, 0.1478407084941864, 0.2956814169883728, 0.5913628339767456, 1.1827256679534912, 2.3654513359069824, 4.730902671813965, 0.0030517575796693563, 0.006103515159338713, 0.012207030318677425, 0.02441406063735485, 0.0488281212747097, 0.0976562425494194, 0.1953124850988388, 0.3906249701976776, 0.0030517580453306437, 0.006103516090661287, 0.012207032181322575, 0.02441406436264515, 0.0488281287252903, 0.0976562574505806, 0.1953125149011612, 0.3906250298023224, 0.0369601771235466, 0.0739203542470932, 0.1478407084941864, 0.2956814169883728, 0.5913628339767456, 1.1827256679534912, 2.3654513359069824, 4.730902671813965, 0.0030517582781612873, 0.006103516556322575, 0.01220703311264515, 0.0244140662252903, 0.0488281324505806, 0.0976562649011612, 0.1953125298023224, 0.3906250596046448, 0.0030517578125, 0.006103515625, 0.01220703125, 0.0244140625, 0.048828125, 0.09765625, 0.1953125, 0.390625, 0.0030517578125, 0.006103515625, 0.01220703125, 0.0244140625, 0.048828125, 0.09765625, 0.1953125, 0.390625, 0.0030517580453306437, 0.006103516090661287, 0.012207032181322575, 0.02441406436264515, 0.0488281287252903, 0.0976562574505806, 0.1953125149011612, 0.3906250298023224, 0.01017252542078495, 0.0203450508415699, 0.0406901016831398, 0.0813802033662796, 0.1627604067325592, 0.3255208134651184, 0.6510416269302368, 1.3020832538604736, 0.0, 0.0, 0.0, 0.0, 0.0, 0.0, 0.0, 0.0, 0.0, 0.0, 0.0, 0.0, 0.0, 0.0, 0.0, 0.0], [0.0739203542470932, -6.7648820877075195, 0.2956814169883728, 0.5913628339767456, 1.1827256679534912, 2.3654513359069824, 4.730902671813965, 9.46180534362793, 0.0739203542470932, 0.1478407084941864, 0.2956814169883728, 0.5913628339767456, 1.1827256679534912, 2.3654513359069824, 4.730902671813965, 9.46180534362793, 0.006103516090661287, 0.012207032181322575, 0.02441406436264515, 0.0488281287252903, 0.0976562574505806, 0.1953125149011612, 0.3906250298023224, 0.7812500596046448, 0.0739203542470932, 0.1478407084941864, 0.2956814169883728, 0.5913628339767456, 1.1827256679534912, 2.3654513359069824, 4.730902671813965, 9.46180534362793, 0.006103515159338713, 0.012207030318677425, 0.02441406063735485, 0.0488281212747097, 0.0976562425494194, 0.1953124850988388, 0.3906249701976776, 0.7812499403953552, 0.006103516090661287, 0.012207032181322575, 0.02441406436264515, 0.0488281287252903, 0.0976562574505806, 0.1953125149011612, 0.3906250298023224, 0.7812500596046448, 0.0739203542470932, 0.1478407084941864, 0.2956814169883728, 0.5913628339767456, 1.1827256679534912, 2.3654513359069824, 4.730902671813965, 9.46180534362793, 0.006103516556322575, 0.01220703311264515, 0.0244140662252903, 0.0488281324505806, 0.0976562649011612, 0.1953125298023224, 0.3906250596046448, 0.7812501192092896, 0.006103515625, 0.01220703125, 0.0244140625, 0.048828125, 0.09765625, 0.1953125, 0.390625, 0.78125, 0.006103515625, 0.01220703125, 0.0244140625, 0.048828125, 0.09765625, 0.1953125, 0.390625, 0.78125, 0.006103516090661287, 0.012207032181322575, 0.02441406436264515, 0.0488281287252903, 0.0976562574505806, 0.1953125149011612, 0.3906250298023224, 0.7812500596046448, 0.0203450508415699, 0.0406901016831398, 0.0813802033662796, 0.1627604067325592, 0.3255208134651184, 0.6510416269302368, 1.3020832538604736, 2.6041665077209473, 0.0, 0.0, 0.0, 0.0, 0.0, 0.0, 0.0, 0.0, 0.0, 0.0, 0.0, 0.0, 0.0, 0.0, 0.0, 0.0], [0.1478407084941864, 0.2956814169883728, -13.23408317565918, 1.1827256679534912, 2.3654513359069824, 4.730902671813965, 9.46180534362793, 18.92361068725586, 0.1478407084941864, 0.2956814169883728, 0.5913628339767456, 1.1827256679534912, 2.3654513359069824, 4.730902671813965, 9.46180534362793, 18.92361068725586, 0.012207032181322575, 0.02441406436264515, 0.0488281287252903, 0.0976562574505806, 0.1953125149011612, 0.3906250298023224, 0.7812500596046448, 1.5625001192092896, 0.1478407084941864, 0.2956814169883728, 0.5913628339767456, 1.1827256679534912, 2.3654513359069824, 4.730902671813965, 9.46180534362793, 18.92361068725586, 0.012207030318677425, 0.02441406063735485, 0.0488281212747097, 0.0976562425494194, 0.1953124850988388, 0.3906249701976776, 0.7812499403953552, 1.5624998807907104, 0.012207032181322575, 0.02441406436264515, 0.0488281287252903, 0.0976562574505806, 0.1953125149011612, 0.3906250298023224, 0.7812500596046448, 1.5625001192092896, 0.1478407084941864, 0.2956814169883728, 0.5913628339767456, 1.1827256679534912, 2.3654513359069824, 4.730902671813965, 9.46180534362793, 18.92361068725586, 0.01220703311264515, 0.0244140662252903, 0.0488281324505806, 0.0976562649011612, 0.1953125298023224, 0.3906250596046448, 0.7812501192092896, 1.562500238418579, 0.01220703125, 0.0244140625, 0.048828125, 0.09765625, 0.1953125, 0.390625, 0.78125, 1.5625, 0.01220703125, 0.0244140625, 0.048828125, 0.09765625, 0.1953125, 0.390625, 0.78125, 1.5625, 0.012207032181322575, 0.02441406436264515, 0.0488281287252903, 0.0976562574505806, 0.1953125149011612, 0.3906250298023224, 0.7812500596046448, 1.5625001192092896, 0.0406901016831398, 0.0813802033662796, 0.1627604067325592, 0.3255208134651184, 0.6510416269302368, 1.3020832538604736, 2.6041665077209473, 5.2083330154418945, 0.0, 0.0, 0.0, 0.0, 0.0, 0.0, 0.0, 0.0, 0.0, 0.0, 0.0, 0.0, 0.0, 0.0, 0.0, 0.0], [0.2956814169883728, 0.5913628339767456, 1.1827256679534912, -25.285438537597656, 4.730902671813965, 9.46180534362793, 18.92361068725586, 37.84722137451172, 0.2956814169883728, 0.5913628339767456, 1.1827256679534912, 2.3654513359069824, 4.730902671813965, 9.46180534362793, 18.92361068725586, 37.84722137451172, 0.02441406436264515, 0.0488281287252903, 0.0976562574505806, 0.1953125149011612, 0.3906250298023224, 0.7812500596046448, 1.5625001192092896, 3.125000238418579, 0.2956814169883728, 0.5913628339767456, 1.1827256679534912, 2.3654513359069824, 4.730902671813965, 9.46180534362793, 18.92361068725586, 37.84722137451172, 0.02441406063735485, 0.0488281212747097, 0.0976562425494194, 0.1953124850988388, 0.3906249701976776, 0.7812499403953552, 1.5624998807907104, 3.124999761581421, 0.02441406436264515, 0.0488281287252903, 0.0976562574505806, 0.1953125149011612, 0.3906250298023224, 0.7812500596046448, 1.5625001192092896, 3.125000238418579, 0.2956814169883728, 0.5913628339767456, 1.1827256679534912, 2.3654513359069824, 4.730902671813965, 9.46180534362793, 18.92361068725586, 37.84722137451172, 0.0244140662252903, 0.0488281324505806, 0.0976562649011612, 0.1953125298023224, 0.3906250596046448, 0.7812501192092896, 1.562500238418579, 3.125000476837158, 0.0244140625, 0.048828125, 0.09765625, 0.1953125, 0.390625, 0.78125, 1.5625, 3.125, 0.0244140625, 0.048828125, 0.09765625, 0.1953125, 0.390625, 0.78125, 1.5625, 3.125, 0.02441406436264515, 0.0488281287252903, 0.0976562574505806, 0.1953125149011612, 0.3906250298023224, 0.7812500596046448, 1.5625001192092896, 3.125000238418579, 0.0813802033662796, 0.1627604067325592, 0.3255208134651184, 0.6510416269302368, 1.3020832538604736, 2.6041665077209473, 5.2083330154418945, 10.416666030883789, 0.0, 0.0, 0.0, 0.0, 0.0, 0.0, 0.0, 0.0, 0.0, 0.0, 0.0, 0.0, 0.0, 0.0, 0.0, 0.0], [0.5913628339767456, 1.1827256679534912, 2.3654513359069824, 4.730902671813965, -45.83997344970703, 18.92361068725586, 37.84722137451172, 75.69444274902344, 0.5913628339767456, 1.1827256679534912, 2.3654513359069824, 4.730902671813965, 9.46180534362793, 18.92361068725586, 37.84722137451172, 75.69444274902344, 0.0488281287252903, 0.0976562574505806, 0.1953125149011612, 0.3906250298023224, 0.7812500596046448, 1.5625001192092896, 3.125000238418579, 6.250000476837158, 0.5913628339767456, 1.1827256679534912, 2.3654513359069824, 4.730902671813965, 9.46180534362793, 18.92361068725586, 37.84722137451172, 75.69444274902344, 0.0488281212747097, 0.0976562425494194, 0.1953124850988388, 0.3906249701976776, 0.7812499403953552, 1.5624998807907104, 3.124999761581421, 6.249999523162842, 0.0488281287252903, 0.0976562574505806, 0.1953125149011612, 0.3906250298023224, 0.7812500596046448, 1.5625001192092896, 3.125000238418579, 6.250000476837158, 0.5913628339767456, 1.1827256679534912, 2.3654513359069824, 4.730902671813965, 9.46180534362793, 18.92361068725586, 37.84722137451172, 75.69444274902344, 0.0488281324505806, 0.0976562649011612, 0.1953125298023224, 0.3906250596046448, 0.7812501192092896, 1.562500238418579, 3.125000476837158, 6.250000953674316, 0.048828125, 0.09765625, 0.1953125, 0.390625, 0.78125, 1.5625, 3.125, 6.25, 0.048828125, 0.09765625, 0.1953125, 0.390625, 0.78125, 1.5625, 3.125, 6.25, 0.0488281287252903, 0.0976562574505806, 0.1953125149011612, 0.3906250298023224, 0.7812500596046448, 1.5625001192092896, 3.125000238418579, 6.250000476837158, 0.1627604067325592, 0.3255208134651184, 0.6510416269302368, 1.3020832538604736, 2.6041665077209473, 5.2083330154418945, 10.416666030883789, 20.833332061767578, 0.0, 0.0, 0.0, 0.0, 0.0, 0.0, 0.0, 0.0, 0.0, 0.0, 0.0, 0.0, 0.0, 0.0, 0.0, 0.0], [1.1827256679534912, 2.3654513359069824, 4.730902671813965, 9.46180534362793, 18.92361068725586, -72.75634002685547, 75.69444274902344, 151.38888549804688, 1.1827256679534912, 2.3654513359069824, 4.730902671813965, 9.46180534362793, 18.92361068725586, 37.84722137451172, 75.69444274902344, 151.38888549804688, 0.0976562574505806, 0.1953125149011612, 0.3906250298023224, 0.7812500596046448, 1.5625001192092896, 3.125000238418579, 6.250000476837158, 12.500000953674316, 1.1827256679534912, 2.3654513359069824, 4.730902671813965, 9.46180534362793, 18.92361068725586, 37.84722137451172, 75.69444274902344, 151.38888549804688, 0.0976562425494194, 0.1953124850988388, 0.3906249701976776, 0.7812499403953552, 1.5624998807907104, 3.124999761581421, 6.249999523162842, 12.499999046325684, 0.0976562574505806, 0.1953125149011612, 0.3906250298023224, 0.7812500596046448, 1.5625001192092896, 3.125000238418579, 6.250000476837158, 12.500000953674316, 1.1827256679534912, 2.3654513359069824, 4.730902671813965, 9.46180534362793, 18.92361068725586, 37.84722137451172, 75.69444274902344, 151.38888549804688, 0.0976562649011612, 0.1953125298023224, 0.3906250596046448, 0.7812501192092896, 1.562500238418579, 3.125000476837158, 6.250000953674316, 12.500001907348633, 0.09765625, 0.1953125, 0.390625, 0.78125, 1.5625, 3.125, 6.25, 12.5, 0.09765625, 0.1953125, 0.390625, 0.78125, 1.5625, 3.125, 6.25, 12.5, 0.0976562574505806, 0.1953125149011612, 0.3906250298023224, 0.7812500596046448, 1.5625001192092896, 3.125000238418579, 6.250000476837158, 12.500000953674316, 0.3255208134651184, 0.6510416269302368, 1.3020832538604736, 2.6041665077209473, 5.2083330154418945, 10.416666030883789, 20.833332061767578, 41.666664123535156, 0.0, 0.0, 0.0, 0.0, 0.0, 0.0, 0.0, 0.0, 0.0, 0.0, 0.0, 0.0, 0.0, 0.0, 0.0, 0.0], [2.3654513359069824, 4.730902671813965, 9.46180534362793, 18.92361068725586, 37.84722137451172, 75.69444274902344, -69.8182373046875, 302.77777099609375, 2.3654513359069824, 4.730902671813965, 9.46180534362793, 18.92361068725586, 37.84722137451172, 75.69444274902344, 151.38888549804688, 302.77777099609375, 0.1953125149011612, 0.3906250298023224, 0.7812500596046448, 1.5625001192092896, 3.125000238418579, 6.250000476837158, 12.500000953674316, 25.000001907348633, 2.3654513359069824, 4.730902671813965, 9.46180534362793, 18.92361068725586, 37.84722137451172, 75.69444274902344, 151.38888549804688, 302.77777099609375, 0.1953124850988388, 0.3906249701976776, 0.7812499403953552, 1.5624998807907104, 3.124999761581421, 6.249999523162842, 12.499999046325684, 24.999998092651367, 0.1953125149011612, 0.3906250298023224, 0.7812500596046448, 1.5625001192092896, 3.125000238418579, 6.250000476837158, 12.500000953674316, 25.000001907348633, 2.3654513359069824, 4.730902671813965, 9.46180534362793, 18.92361068725586, 37.84722137451172, 75.69444274902344, 151.38888549804688, 302.77777099609375, 0.1953125298023224, 0.3906250596046448, 0.7812501192092896, 1.562500238418579, 3.125000476837158, 6.250000953674316, 12.500001907348633, 25.000003814697266, 0.1953125, 0.390625, 0.78125, 1.5625, 3.125, 6.25, 12.5, 25.0, 0.1953125, 0.390625, 0.78125, 1.5625, 3.125, 6.25, 12.5, 25.0, 0.1953125149011612, 0.3906250298023224, 0.7812500596046448, 1.5625001192092896, 3.125000238418579, 6.250000476837158, 12.500000953674316, 25.000001907348633, 0.6510416269302368, 1.3020832538604736, 2.6041665077209473, 5.2083330154418945, 10.416666030883789, 20.833332061767578, 41.666664123535156, 83.33332824707031, 0.0, 0.0, 0.0, 0.0, 0.0, 0.0, 0.0, 0.0, 0.0, 0.0, 0.0, 0.0, 0.0, 0.0, 0.0, 0.0], [4.730902671813965, 9.46180534362793, 18.92361068725586, 37.84722137451172, 75.69444274902344, 151.38888549804688, 302.77777099609375, 163.1413116455078, 4.730902671813965, 9.46180534362793, 18.92361068725586, 37.84722137451172, 75.69444274902344, 151.38888549804688, 302.77777099609375, 605.5555419921875, 0.3906250298023224, 0.7812500596046448, 1.5625001192092896, 3.125000238418579, 6.250000476837158, 12.500000953674316, 25.000001907348633, 50.000003814697266, 4.730902671813965, 9.46180534362793, 18.92361068725586, 37.84722137451172, 75.69444274902344, 151.38888549804688, 302.77777099609375, 605.5555419921875, 0.3906249701976776, 0.7812499403953552, 1.5624998807907104, 3.124999761581421, 6.249999523162842, 12.499999046325684, 24.999998092651367, 49.999996185302734, 0.3906250298023224, 0.7812500596046448, 1.5625001192092896, 3.125000238418579, 6.250000476837158, 12.500000953674316, 25.000001907348633, 50.000003814697266, 4.730902671813965, 9.46180534362793, 18.92361068725586, 37.84722137451172, 75.69444274902344, 151.38888549804688, 302.77777099609375, 605.5555419921875, 0.3906250596046448, 0.7812501192092896, 1.562500238418579, 3.125000476837158, 6.250000953674316, 12.500001907348633, 25.000003814697266, 50.00000762939453, 0.390625, 0.78125, 1.5625, 3.125, 6.25, 12.5, 25.0, 50.0, 0.390625, 0.78125, 1.5625, 3.125, 6.25, 12.5, 25.0, 50.0, 0.3906250298023224, 0.7812500596046448, 1.5625001192092896, 3.125000238418579, 6.250000476837158, 12.500000953674316, 25.000001907348633, 50.000003814697266, 1.3020832538604736, 2.6041665077209473, 5.2083330154418945, 10.416666030883789, 20.833332061767578, 41.666664123535156, 83.33332824707031, 166.66665649414062, 0.0, 0.0, 0.0, 0.0, 0.0, 0.0, 0.0, 0.0, 0.0, 0.0, 0.0, 0.0, 0.0, 0.0, 0.0, 0.0], [0.0369601771235466, 0.0739203542470932, 0.1478407084941864, 0.2956814169883728, 0.5913628339767456, 1.1827256679534912, 2.3654513359069824, 4.730902671813965, -3.419412612915039, 0.0739203691482544, 0.1478407382965088, 0.2956814765930176, 0.5913629531860352, 1.1827259063720703, 2.3654518127441406, 4.730903625488281, 0.0030517566483467817, 0.0061035132966935635, 0.012207026593387127, 0.024414053186774254, 0.04882810637354851, 0.09765621274709702, 0.19531242549419403, 0.39062485098838806, 0.0369601808488369, 0.0739203616976738, 0.1478407233953476, 0.2956814467906952, 0.5913628935813904, 1.1827257871627808, 2.3654515743255615, 4.730903148651123, 0.003051766660064459, 0.006103533320128918, 0.012207066640257835, 0.02441413328051567, 0.04882826656103134, 0.09765653312206268, 0.19531306624412537, 0.39062613248825073, 0.003051755018532276, 0.006103510037064552, 0.012207020074129105, 0.02441404014825821, 0.04882808029651642, 0.09765616059303284, 0.19531232118606567, 0.39062464237213135, 0.0369601771235466, 0.0739203542470932, 0.1478407084941864, 0.2956814169883728, 0.5913628339767456, 1.1827256679534912, 2.3654513359069824, 4.730902671813965, 0.0030517540872097015, 0.006103508174419403, 0.012207016348838806, 0.024414032697677612, 0.048828065395355225, 0.09765613079071045, 0.1953122615814209, 0.3906245231628418, 0.0030517587438225746, 0.006103517487645149, 0.012207034975290298, 0.024414069950580597, 0.048828139901161194, 0.09765627980232239, 0.19531255960464478, 0.39062511920928955, 0.0030517627019435167, 0.0061035254038870335, 0.012207050807774067, 0.024414101615548134, 0.04882820323109627, 0.09765640646219254, 0.19531281292438507, 0.39062562584877014, 0.003051755018532276, 0.006103510037064552, 0.012207020074129105, 0.02441404014825821, 0.04882808029651642, 0.09765616059303284, 0.19531232118606567, 0.39062464237213135, 0.01017252542078495, 0.0203450508415699, 0.0406901016831398, 0.0813802033662796, 0.1627604067325592, 0.3255208134651184, 0.6510416269302368, 1.3020832538604736, 0.0, 0.0, 0.0, 0.0, 0.0, 0.0, 0.0, 0.0, 0.0, 0.0, 0.0, 0.0, 0.0, 0.0, 0.0, 0.0], [0.0739203542470932, 0.1478407084941864, 0.2956814169883728, 0.5913628339767456, 1.1827256679534912, 2.3654513359069824, 4.730902671813965, 9.46180534362793, 0.0739203691482544, -6.7649054527282715, 0.2956814765930176, 0.5913629531860352, 1.1827259063720703, 2.3654518127441406, 4.730903625488281, 9.461807250976562, 0.0061035132966935635, 0.012207026593387127, 0.024414053186774254, 0.04882810637354851, 0.09765621274709702, 0.19531242549419403, 0.39062485098838806, 0.7812497019767761, 0.0739203616976738, 0.1478407233953476, 0.2956814467906952, 0.5913628935813904, 1.1827257871627808, 2.3654515743255615, 4.730903148651123, 9.461806297302246, 0.006103533320128918, 0.012207066640257835, 0.02441413328051567, 0.04882826656103134, 0.09765653312206268, 0.19531306624412537, 0.39062613248825073, 0.7812522649765015, 0.006103510037064552, 0.012207020074129105, 0.02441404014825821, 0.04882808029651642, 0.09765616059303284, 0.19531232118606567, 0.39062464237213135, 0.7812492847442627, 0.0739203542470932, 0.1478407084941864, 0.2956814169883728, 0.5913628339767456, 1.1827256679534912, 2.3654513359069824, 4.730902671813965, 9.46180534362793, 0.006103508174419403, 0.012207016348838806, 0.024414032697677612, 0.048828065395355225, 0.09765613079071045, 0.1953122615814209, 0.3906245231628418, 0.7812490463256836, 0.006103517487645149, 0.012207034975290298, 0.024414069950580597, 0.048828139901161194, 0.09765627980232239, 0.19531255960464478, 0.39062511920928955, 0.7812502384185791, 0.0061035254038870335, 0.012207050807774067, 0.024414101615548134, 0.04882820323109627, 0.09765640646219254, 0.19531281292438507, 0.39062562584877014, 0.7812512516975403, 0.006103510037064552, 0.012207020074129105, 0.02441404014825821, 0.04882808029651642, 0.09765616059303284, 0.19531232118606567, 0.39062464237213135, 0.7812492847442627, 0.0203450508415699, 0.0406901016831398, 0.0813802033662796, 0.1627604067325592, 0.3255208134651184, 0.6510416269302368, 1.3020832538604736, 2.6041665077209473, 0.0, 0.0, 0.0, 0.0, 0.0, 0.0, 0.0, 0.0, 0.0, 0.0, 0.0, 0.0, 0.0, 0.0, 0.0, 0.0], [0.1478407084941864, 0.2956814169883728, 0.5913628339767456, 1.1827256679534912, 2.3654513359069824, 4.730902671813965, 9.46180534362793, 18.92361068725586, 0.1478407382965088, 0.2956814765930176, -13.234128952026367, 1.1827259063720703, 2.3654518127441406, 4.730903625488281, 9.461807250976562, 18.923614501953125, 0.012207026593387127, 0.024414053186774254, 0.04882810637354851, 0.09765621274709702, 0.19531242549419403, 0.39062485098838806, 0.7812497019767761, 1.5624994039535522, 0.1478407233953476, 0.2956814467906952, 0.5913628935813904, 1.1827257871627808, 2.3654515743255615, 4.730903148651123, 9.461806297302246, 18.923612594604492, 0.012207066640257835, 0.02441413328051567, 0.04882826656103134, 0.09765653312206268, 0.19531306624412537, 0.39062613248825073, 0.7812522649765015, 1.562504529953003, 0.012207020074129105, 0.02441404014825821, 0.04882808029651642, 0.09765616059303284, 0.19531232118606567, 0.39062464237213135, 0.7812492847442627, 1.5624985694885254, 0.1478407084941864, 0.2956814169883728, 0.5913628339767456, 1.1827256679534912, 2.3654513359069824, 4.730902671813965, 9.46180534362793, 18.92361068725586, 0.012207016348838806, 0.024414032697677612, 0.048828065395355225, 0.09765613079071045, 0.1953122615814209, 0.3906245231628418, 0.7812490463256836, 1.5624980926513672, 0.012207034975290298, 0.024414069950580597, 0.048828139901161194, 0.09765627980232239, 0.19531255960464478, 0.39062511920928955, 0.7812502384185791, 1.5625004768371582, 0.012207050807774067, 0.024414101615548134, 0.04882820323109627, 0.09765640646219254, 0.19531281292438507, 0.39062562584877014, 0.7812512516975403, 1.5625025033950806, 0.012207020074129105, 0.02441404014825821, 0.04882808029651642, 0.09765616059303284, 0.19531232118606567, 0.39062464237213135, 0.7812492847442627, 1.5624985694885254, 0.0406901016831398, 0.0813802033662796, 0.1627604067325592, 0.3255208134651184, 0.6510416269302368, 1.3020832538604736, 2.6041665077209473, 5.2083330154418945, 0.0, 0.0, 0.0, 0.0, 0.0, 0.0, 0.0, 0.0, 0.0, 0.0, 0.0, 0.0, 0.0, 0.0, 0.0, 0.0], [0.2956814169883728, 0.5913628339767456, 1.1827256679534912, 2.3654513359069824, 4.730902671813965, 9.46180534362793, 18.92361068725586, 37.84722137451172, 0.2956814765930176, 0.5913629531860352, 1.1827259063720703, -25.28553009033203, 4.730903625488281, 9.461807250976562, 18.923614501953125, 37.84722900390625, 0.024414053186774254, 0.04882810637354851, 0.09765621274709702, 0.19531242549419403, 0.39062485098838806, 0.7812497019767761, 1.5624994039535522, 3.1249988079071045, 0.2956814467906952, 0.5913628935813904, 1.1827257871627808, 2.3654515743255615, 4.730903148651123, 9.461806297302246, 18.923612594604492, 37.847225189208984, 0.02441413328051567, 0.04882826656103134, 0.09765653312206268, 0.19531306624412537, 0.39062613248825073, 0.7812522649765015, 1.562504529953003, 3.125009059906006, 0.02441404014825821, 0.04882808029651642, 0.09765616059303284, 0.19531232118606567, 0.39062464237213135, 0.7812492847442627, 1.5624985694885254, 3.124997138977051, 0.2956814169883728, 0.5913628339767456, 1.1827256679534912, 2.3654513359069824, 4.730902671813965, 9.46180534362793, 18.92361068725586, 37.84722137451172, 0.024414032697677612, 0.048828065395355225, 0.09765613079071045, 0.1953122615814209, 0.3906245231628418, 0.7812490463256836, 1.5624980926513672, 3.1249961853027344, 0.024414069950580597, 0.048828139901161194, 0.09765627980232239, 0.19531255960464478, 0.39062511920928955, 0.7812502384185791, 1.5625004768371582, 3.1250009536743164, 0.024414101615548134, 0.04882820323109627, 0.09765640646219254, 0.19531281292438507, 0.39062562584877014, 0.7812512516975403, 1.5625025033950806, 3.125005006790161, 0.02441404014825821, 0.04882808029651642, 0.09765616059303284, 0.19531232118606567, 0.39062464237213135, 0.7812492847442627, 1.5624985694885254, 3.124997138977051, 0.0813802033662796, 0.1627604067325592, 0.3255208134651184, 0.6510416269302368, 1.3020832538604736, 2.6041665077209473, 5.2083330154418945, 10.416666030883789, 0.0, 0.0, 0.0, 0.0, 0.0, 0.0, 0.0, 0.0, 0.0, 0.0, 0.0, 0.0, 0.0, 0.0, 0.0, 0.0], [0.5913628339767456, 1.1827256679534912, 2.3654513359069824, 4.730902671813965, 9.46180534362793, 18.92361068725586, 37.84722137451172, 75.69444274902344, 0.5913629531860352, 1.1827259063720703, 2.3654518127441406, 4.730903625488281, -45.84016036987305, 18.923614501953125, 37.84722900390625, 75.6944580078125, 0.04882810637354851, 0.09765621274709702, 0.19531242549419403, 0.39062485098838806, 0.7812497019767761, 1.5624994039535522, 3.1249988079071045, 6.249997615814209, 0.5913628935813904, 1.1827257871627808, 2.3654515743255615, 4.730903148651123, 9.461806297302246, 18.923612594604492, 37.847225189208984, 75.69445037841797, 0.04882826656103134, 0.09765653312206268, 0.19531306624412537, 0.39062613248825073, 0.7812522649765015, 1.562504529953003, 3.125009059906006, 6.250018119812012, 0.04882808029651642, 0.09765616059303284, 0.19531232118606567, 0.39062464237213135, 0.7812492847442627, 1.5624985694885254, 3.124997138977051, 6.249994277954102, 0.5913628339767456, 1.1827256679534912, 2.3654513359069824, 4.730902671813965, 9.46180534362793, 18.92361068725586, 37.84722137451172, 75.69444274902344, 0.048828065395355225, 0.09765613079071045, 0.1953122615814209, 0.3906245231628418, 0.7812490463256836, 1.5624980926513672, 3.1249961853027344, 6.249992370605469, 0.048828139901161194, 0.09765627980232239, 0.19531255960464478, 0.39062511920928955, 0.7812502384185791, 1.5625004768371582, 3.1250009536743164, 6.250001907348633, 0.04882820323109627, 0.09765640646219254, 0.19531281292438507, 0.39062562584877014, 0.7812512516975403, 1.5625025033950806, 3.125005006790161, 6.250010013580322, 0.04882808029651642, 0.09765616059303284, 0.19531232118606567, 0.39062464237213135, 0.7812492847442627, 1.5624985694885254, 3.124997138977051, 6.249994277954102, 0.1627604067325592, 0.3255208134651184, 0.6510416269302368, 1.3020832538604736, 2.6041665077209473, 5.2083330154418945, 10.416666030883789, 20.833332061767578, 0.0, 0.0, 0.0, 0.0, 0.0, 0.0, 0.0, 0.0, 0.0, 0.0, 0.0, 0.0, 0.0, 0.0, 0.0, 0.0], [1.1827256679534912, 2.3654513359069824, 4.730902671813965, 9.46180534362793, 18.92361068725586, 37.84722137451172, 75.69444274902344, 151.38888549804688, 1.1827259063720703, 2.3654518127441406, 4.730903625488281, 9.461807250976562, 18.923614501953125, -72.75670623779297, 75.6944580078125, 151.388916015625, 0.09765621274709702, 0.19531242549419403, 0.39062485098838806, 0.7812497019767761, 1.5624994039535522, 3.1249988079071045, 6.249997615814209, 12.499995231628418, 1.1827257871627808, 2.3654515743255615, 4.730903148651123, 9.461806297302246, 18.923612594604492, 37.847225189208984, 75.69445037841797, 151.38890075683594, 0.09765653312206268, 0.19531306624412537, 0.39062613248825073, 0.7812522649765015, 1.562504529953003, 3.125009059906006, 6.250018119812012, 12.500036239624023, 0.09765616059303284, 0.19531232118606567, 0.39062464237213135, 0.7812492847442627, 1.5624985694885254, 3.124997138977051, 6.249994277954102, 12.499988555908203, 1.1827256679534912, 2.3654513359069824, 4.730902671813965, 9.46180534362793, 18.92361068725586, 37.84722137451172, 75.69444274902344, 151.38888549804688, 0.09765613079071045, 0.1953122615814209, 0.3906245231628418, 0.7812490463256836, 1.5624980926513672, 3.1249961853027344, 6.249992370605469, 12.499984741210938, 0.09765627980232239, 0.19531255960464478, 0.39062511920928955, 0.7812502384185791, 1.5625004768371582, 3.1250009536743164, 6.250001907348633, 12.500003814697266, 0.09765640646219254, 0.19531281292438507, 0.39062562584877014, 0.7812512516975403, 1.5625025033950806, 3.125005006790161, 6.250010013580322, 12.500020027160645, 0.09765616059303284, 0.19531232118606567, 0.39062464237213135, 0.7812492847442627, 1.5624985694885254, 3.124997138977051, 6.249994277954102, 12.499988555908203, 0.3255208134651184, 0.6510416269302368, 1.3020832538604736, 2.6041665077209473, 5.2083330154418945, 10.416666030883789, 20.833332061767578, 41.666664123535156, 0.0, 0.0, 0.0, 0.0, 0.0, 0.0, 0.0, 0.0, 0.0, 0.0, 0.0, 0.0, 0.0, 0.0, 0.0, 0.0], [2.3654513359069824, 4.730902671813965, 9.46180534362793, 18.92361068725586, 37.84722137451172, 75.69444274902344, 151.38888549804688, 302.77777099609375, 2.3654518127441406, 4.730903625488281, 9.461807250976562, 18.923614501953125, 37.84722900390625, 75.6944580078125, -69.81895446777344, 302.77783203125, 0.19531242549419403, 0.39062485098838806, 0.7812497019767761, 1.5624994039535522, 3.1249988079071045, 6.249997615814209, 12.499995231628418, 24.999990463256836, 2.3654515743255615, 4.730903148651123, 9.461806297302246, 18.923612594604492, 37.847225189208984, 75.69445037841797, 151.38890075683594, 302.7778015136719, 0.19531306624412537, 0.39062613248825073, 0.7812522649765015, 1.562504529953003, 3.125009059906006, 6.250018119812012, 12.500036239624023, 25.000072479248047, 0.19531232118606567, 0.39062464237213135, 0.7812492847442627, 1.5624985694885254, 3.124997138977051, 6.249994277954102, 12.499988555908203, 24.999977111816406, 2.3654513359069824, 4.730902671813965, 9.46180534362793, 18.92361068725586, 37.84722137451172, 75.69444274902344, 151.38888549804688, 302.77777099609375, 0.1953122615814209, 0.3906245231628418, 0.7812490463256836, 1.5624980926513672, 3.1249961853027344, 6.249992370605469, 12.499984741210938, 24.999969482421875, 0.19531255960464478, 0.39062511920928955, 0.7812502384185791, 1.5625004768371582, 3.1250009536743164, 6.250001907348633, 12.500003814697266, 25.00000762939453, 0.19531281292438507, 0.39062562584877014, 0.7812512516975403, 1.5625025033950806, 3.125005006790161, 6.250010013580322, 12.500020027160645, 25.00004005432129, 0.19531232118606567, 0.39062464237213135, 0.7812492847442627, 1.5624985694885254, 3.124997138977051, 6.249994277954102, 12.499988555908203, 24.999977111816406, 0.6510416269302368, 1.3020832538604736, 2.6041665077209473, 5.2083330154418945, 10.416666030883789, 20.833332061767578, 41.666664123535156, 83.33332824707031, 0.0, 0.0, 0.0, 0.0, 0.0, 0.0, 0.0, 0.0, 0.0, 0.0, 0.0, 0.0, 0.0, 0.0, 0.0, 0.0], [4.730902671813965, 9.46180534362793, 18.92361068725586, 37.84722137451172, 75.69444274902344, 151.38888549804688, 302.77777099609375, 605.5555419921875, 4.730903625488281, 9.461807250976562, 18.923614501953125, 37.84722900390625, 75.6944580078125, 151.388916015625, 302.77783203125, 163.1399383544922, 0.39062485098838806, 0.7812497019767761, 1.5624994039535522, 3.1249988079071045, 6.249997615814209, 12.499995231628418, 24.999990463256836, 49.99998092651367, 4.730903148651123, 9.461806297302246, 18.923612594604492, 37.847225189208984, 75.69445037841797, 151.38890075683594, 302.7778015136719, 605.5556030273438, 0.39062613248825073, 0.7812522649765015, 1.562504529953003, 3.125009059906006, 6.250018119812012, 12.500036239624023, 25.000072479248047, 50.000144958496094, 0.39062464237213135, 0.7812492847442627, 1.5624985694885254, 3.124997138977051, 6.249994277954102, 12.499988555908203, 24.999977111816406, 49.99995422363281, 4.730902671813965, 9.46180534362793, 18.92361068725586, 37.84722137451172, 75.69444274902344, 151.38888549804688, 302.77777099609375, 605.5555419921875, 0.3906245231628418, 0.7812490463256836, 1.5624980926513672, 3.1249961853027344, 6.249992370605469, 12.499984741210938, 24.999969482421875, 49.99993896484375, 0.39062511920928955, 0.7812502384185791, 1.5625004768371582, 3.1250009536743164, 6.250001907348633, 12.500003814697266, 25.00000762939453, 50.00001525878906, 0.39062562584877014, 0.7812512516975403, 1.5625025033950806, 3.125005006790161, 6.250010013580322, 12.500020027160645, 25.00004005432129, 50.00008010864258, 0.39062464237213135, 0.7812492847442627, 1.5624985694885254, 3.124997138977051, 6.249994277954102, 12.499988555908203, 24.999977111816406, 49.99995422363281, 1.3020832538604736, 2.6041665077209473, 5.2083330154418945, 10.416666030883789, 20.833332061767578, 41.666664123535156, 83.33332824707031, 166.66665649414062, 0.0, 0.0, 0.0, 0.0, 0.0, 0.0, 0.0, 0.0, 0.0, 0.0, 0.0, 0.0, 0.0, 0.0, 0.0, 0.0], [0.0030517580453306437, 0.006103516090661287, 0.012207032181322575, 0.02441406436264515, 0.0488281287252903, 0.0976562574505806, 0.1953125149011612, 0.3906250298023224, 0.0030517566483467817, 0.0061035132966935635, 0.012207026593387127, 0.024414053186774254, 0.04882810637354851, 0.09765621274709702, 0.19531242549419403, 0.39062485098838806, -1.5594247579574585, 0.006103517487645149, 0.012207034975290298, 0.024414069950580597, 0.048828139901161194, 0.09765627980232239, 0.19531255960464478, 0.39062511920928955, 0.0030517575796693563, 0.006103515159338713, 0.012207030318677425, 0.02441406063735485, 0.0488281212747097, 0.0976562425494194, 0.1953124850988388, 0.3906249701976776, 0.0030517568811774254, 0.006103513762354851, 0.012207027524709702, 0.024414055049419403, 0.048828110098838806, 0.09765622019767761, 0.19531244039535522, 0.39062488079071045, 0.00305176037363708, 0.00610352074727416, 0.01220704149454832, 0.02441408298909664, 0.04882816597819328, 0.09765633195638657, 0.19531266391277313, 0.39062532782554626, 0.0030517582781612873, 0.006103516556322575, 0.01220703311264515, 0.0244140662252903, 0.0488281324505806, 0.0976562649011612, 0.1953125298023224, 0.3906250596046448, 0.003051761770620942, 0.006103523541241884, 0.012207047082483768, 0.024414094164967537, 0.048828188329935074, 0.09765637665987015, 0.1953127533197403, 0.3906255066394806, 0.0030517575796693563, 0.006103515159338713, 0.012207030318677425, 0.02441406063735485, 0.0488281212747097, 0.0976562425494194, 0.1953124850988388, 0.3906249701976776, 0.003051757114008069, 0.006103514228016138, 0.012207028456032276, 0.024414056912064552, 0.048828113824129105, 0.09765622764825821, 0.19531245529651642, 0.39062491059303284, 0.003051760606467724, 0.006103521212935448, 0.012207042425870895, 0.02441408485174179, 0.04882816970348358, 0.09765633940696716, 0.19531267881393433, 0.39062535762786865, 0.0, 0.0, 0.0, 0.0, 0.0, 0.0, 0.0, 0.0, 0.0, 0.0, 0.0, 0.0, 0.0, 0.0, 0.0, 0.0, 0.0, 0.0, 0.0, 0.0, 0.0, 0.0, 0.0, 0.0], [0.006103516090661287, 0.012207032181322575, 0.02441406436264515, 0.0488281287252903, 0.0976562574505806, 0.1953125149011612, 0.3906250298023224, 0.7812500596046448, 0.0061035132966935635, 0.012207026593387127, 0.024414053186774254, 0.04882810637354851, 0.09765621274709702, 0.19531242549419403, 0.39062485098838806, 0.7812497019767761, 0.006103517487645149, -3.112746000289917, 0.024414069950580597, 0.048828139901161194, 0.09765627980232239, 0.19531255960464478, 0.39062511920928955, 0.7812502384185791, 0.006103515159338713, 0.012207030318677425, 0.02441406063735485, 0.0488281212747097, 0.0976562425494194, 0.1953124850988388, 0.3906249701976776, 0.7812499403953552, 0.006103513762354851, 0.012207027524709702, 0.024414055049419403, 0.048828110098838806, 0.09765622019767761, 0.19531244039535522, 0.39062488079071045, 0.7812497615814209, 0.00610352074727416, 0.01220704149454832, 0.02441408298909664, 0.04882816597819328, 0.09765633195638657, 0.19531266391277313, 0.39062532782554626, 0.7812506556510925, 0.006103516556322575, 0.01220703311264515, 0.0244140662252903, 0.0488281324505806, 0.0976562649011612, 0.1953125298023224, 0.3906250596046448, 0.7812501192092896, 0.006103523541241884, 0.012207047082483768, 0.024414094164967537, 0.048828188329935074, 0.09765637665987015, 0.1953127533197403, 0.3906255066394806, 0.7812510132789612, 0.006103515159338713, 0.012207030318677425, 0.02441406063735485, 0.0488281212747097, 0.0976562425494194, 0.1953124850988388, 0.3906249701976776, 0.7812499403953552, 0.006103514228016138, 0.012207028456032276, 0.024414056912064552, 0.048828113824129105, 0.09765622764825821, 0.19531245529651642, 0.39062491059303284, 0.7812498211860657, 0.006103521212935448, 0.012207042425870895, 0.02441408485174179, 0.04882816970348358, 0.09765633940696716, 0.19531267881393433, 0.39062535762786865, 0.7812507152557373, 0.0, 0.0, 0.0, 0.0, 0.0, 0.0, 0.0, 0.0, 0.0, 0.0, 0.0, 0.0, 0.0, 0.0, 0.0, 0.0, 0.0, 0.0, 0.0, 0.0, 0.0, 0.0, 0.0, 0.0], [0.012207032181322575, 0.02441406436264515, 0.0488281287252903, 0.0976562574505806, 0.1953125149011612, 0.3906250298023224, 0.7812500596046448, 1.5625001192092896, 0.012207026593387127, 0.024414053186774254, 0.04882810637354851, 0.