{"size": [112, 112], "args": [["A12.csv", "A13.csv", "A14.csv", "A15.csv", "A16.csv", "A17.csv", "A18.csv", "A19.csv", "A20.csv", "A21.csv", "A22.csv"], 0.3, 0.5, 0.5, 0.3, 5, [64, 32, 16], [[100.0, 100.0, 100.0, 100.0], [10.0, 10.0, 10.0, 10.0], [50.0, 50.0, 50.0, 50.0], [200.0, 200.0, 200.0, 200.0]]], "c": [100.0, 100.0, 100.0, 100.0], "tag": "r11-12-13-14-15-16-17-18-19-20-21-0.3-0.5-0.5-0.3-5-100.0-100.0-100.0-100.0-112x112", "data:": {"q": {"x1": [0.0], "x2": [0.0], "x3": [0.0], "x4": [0.0], "x5": [0.0], "x6": [0.0], "x7": [0.125], "x8": [0.0625], "x9": [0.8125], "x10": [0.0], "x11": [0.0]}, "program": "minimize(list(x1,x2,x3,x4,x5,x6,x7,x8,x9,x10,x11),((0.00050280851*x1*x1)+(-0.00012507512118904626*x1*x2)+(-2.6265717837698503e-05*x1*x3)+(0.0007716341331484096*x1*x4)+(6.594557588257376e-05*x1*x5)+(0.0004882569212903582*x1*x6)+(-0.00012086615632428277*x1*x7)+(-5.8109452353422897e-05*x1*x8)+(0.000178025101641345*x1*x9)+(-0.00018347904580295462*x1*x10)+(2.0549435376446195e-05*x1*x11)+(-0.00012507512118904626*x2*x1)+(0.0002215961095*x2*x2)+(4.218949063863856e-05*x2*x3)+(-0.00016792661800654467*x2*x4)+(-1.4948160285571531e-05*x2*x5)+(-0.00012572726811724565*x2*x6)+(0.0003872377010143229*x2*x7)+(9.236237925470405e-05*x2*x8)+(-4.755873387364319e-05*x2*x9)+(0.00032746501312675997*x2*x10)+(-3.0454964558041717e-06*x2*x11)+(-2.6265717837698503e-05*x3*x1)+(4.218949063863856e-05*x3*x2)+(1.033340535e-05*x3*x3)+(-4.436149644958405e-05*x3*x4)+(1.3497004569937047e-06*x3*x5)+(-2.4227863747065198e-05*x3*x6)+(5.591651729936027e-05*x3*x7)+(2.1512659473583666e-05*x3*x8)+(-8.064286914609717e-06*x3*x9)+(6.194778450494852e-05*x3*x10)+(1.340410027323137e-06*x3*x11)+(0.0007716341331484096*x4*x1)+(-0.00016792661800654467*x4*x2)+(-4.436149644958405e-05*x4*x3)+(0.001219171765*x4*x4)+(8.448360776052281e-05*x4*x5)+(0.0007409987938044593*x4*x6)+(-7.594969003890147e-05*x4*x7)+(-9.390903195979245e-05*x4*x8)+(0.0002658839811955074*x4*x9)+(-0.0002445791185319458*x4*x10)+(2.4219433917583816e-05*x4*x11)+(6.594557588257376e-05*x5*x1)+(-1.4948160285571531e-05*x5*x2)+(1.3497004569937047e-06*x5*x3)+(8.448360776052281e-05*x5*x4)+(1.76012048e-05*x5*x5)+(6.811178297563042e-05*x5*x6)+(-4.723865257054877e-05*x5*x7)+(6.733596115494486e-07*x5*x8)+(2.6978291679793516e-05*x5*x9)+(-2.2681670264362708e-05*x5*x10)+(6.718961080720944e-06*x5*x11)+(0.0004882569212903582*x6*x1)+(-0.00012572726811724565*x6*x2)+(-2.4227863747065198e-05*x6*x3)+(0.0007409987938044593*x6*x4)+(6.811178297563042e-05*x6*x5)+(0.000476109129*x6*x6)+(-0.00014105102986595528*x6*x7)+(-5.46380512401881e-05*x6*x8)+(0.00017462521723884202*x6*x9)+(-0.00018484394543854063*x6*x10)+(2.1749604333739753e-05*x6*x11)+(-0.00012086615632428277*x7*x1)+(0.0003872377010143229*x7*x2)+(5.591651729936027e-05*x7*x3)+(-7.594969003890147e-05*x7*x4)+(-4.723865257054877e-05*x7*x5)+(-0.00014105102986595528*x7*x6)+(0.0008289610999999998*x7*x7)+(0.0001306733543215336*x7*x8)+(-6.287869090576698e-05*x7*x9)+(0.0005754932226576988*x7*x10)+(-1.6358916909703923e-05*x7*x11)+(-5.8109452353422897e-05*x8*x1)+(9.236237925470405e-05*x8*x2)+(2.1512659473583666e-05*x8*x3)+(-9.390903195979245e-05*x8*x4)+(6.733596115494486e-07*x8*x5)+(-5.46380512401881e-05*x8*x6)+(0.0001306733543215336*x8*x7)+(4.5209582999999995e-05*x8*x8)+(-1.8766621000074788e-05*x8*x9)+(0.00013580581740069058*x8*x10)+(1.9215260936661836e-06*x8*x11)+(0.000178025101641345*x9*x1)+(-4.755873387364319e-05*x9*x2)+(-8.064286914609717e-06*x9*x3)+(0.0002658839811955074*x9*x4)+(2.6978291679793516e-05*x9*x5)+(0.00017462521723884202*x9*x6)+(-6.287869090576698e-05*x9*x7)+(-1.8766621000074788e-05*x9*x8)+(6.45818595e-05*x9*x9)+(-7.012292880990688e-05*x9*x10)+(8.87847287254359e-06*x9*x11)+(-0.00018347904580295462*x10*x1)+(0.00032746501312675997*x10*x2)+(6.194778450494852e-05*x10*x3)+(-0.0002445791185319458*x10*x4)+(-2.2681670264362708e-05*x10*x5)+(-0.00018484394543854063*x10*x6)+(0.0005754932226576988*x10*x7)+(0.00013580581740069058*x10*x8)+(-7.012292880990688e-05*x10*x9)+(0.00048398427749999994*x10*x10)+(-4.787578128776502e-06*x10*x11)+(2.0549435376446195e-05*x11*x1)+(-3.0454964558041717e-06*x11*x2)+(1.340410027323137e-06*x11*x3)+(2.4219433917583816e-05*x11*x4)+(6.718961080720944e-06*x11*x5)+(2.1749604333739753e-05*x11*x6)+(-1.6358916909703923e-05*x11*x7)+(1.9215260936661836e-06*x11*x8)+(8.87847287254359e-06*x11*x9)+(-4.787578128776502e-06*x11*x10)+(2.65894021e-06*x11*x11)-((-0.01*x1)+(-0.0185*x2)+(-0.0115*x3)+(-0.007*x4)+(-0.0225*x5)+(-0.0115*x6)+(-0.006*x7)+(-0.0115*x8)+(-0.006*x9)+(-0.017*x10)+(-0.02*x11))))\n & label('total', x1+x2+x3+x4+x5+x6+x7+x8+x9+x10+x11==1.0) & \nlabel('eqlimit', (0.0*x1)+(0.0*x2)+(0.0*x3)+(0.0*x4)+(3.3333333333333335*x5)+(0.0*x6)+(0.0*x7)+(3.3333333333333335*x8)+(0.0*x9)+(3.3333333333333335*x10)+(3.3333333333333335*x11)<1.0) & \nlabel('filimit', (2.0*x1)+(2.0*x2)+(0.0*x3)+(0.0*x4)+(0.0*x5)+(2.0*x6)+(0.0*x7)+(0.0*x8)+(0.0*x9)+(0.0*x10)+(0.0*x11)<1.0) & \nlabel('xxxlimit', (0.0*x1)+(0.0*x2)+(2.0*x3)+(2.0*x4)+(0.0*x5)+(0.0*x6)+(2.0*x7)+(0.0*x8)+(0.0*x9)+(0.0*x10)+(0.0*x11)<1.0)", "matrix": [[-1.7096614837646484, 0.0369601771235466, 0.0739203542470932, 0.1478407084941864, 0.2956814169883728, 0.5913628339767456, 1.1827256679534912, 2.3654513359069824, 0.0184800885617733, 0.0369601771235466, 0.0739203542470932, 0.1478407084941864, 0.2956814169883728, 0.5913628339767456, 1.1827256679534912, 2.3654513359069824, 0.0015258790226653218, 0.0030517580453306437, 0.006103516090661287, 0.012207032181322575, 0.02441406436264515, 0.0488281287252903, 0.0976562574505806, 0.1953125149011612, 0.0184800885617733, 0.0369601771235466, 0.0739203542470932, 0.1478407084941864, 0.2956814169883728, 0.5913628339767456, 1.1827256679534912, 2.3654513359069824, 0.0015258786734193563, 0.0030517573468387127, 0.006103514693677425, 0.01220702938735485, 0.0244140587747097, 0.0488281175494194, 0.0976562350988388, 0.1953124701976776, 0.0015258792554959655, 0.003051758510991931, 0.006103517021983862, 0.012207034043967724, 0.024414068087935448, 0.048828136175870895, 0.09765627235174179, 0.19531254470348358, 0.0184800885617733, 0.0369601771235466, 0.0739203542470932, 0.1478407084941864, 0.2956814169883728, 0.5913628339767456, 1.1827256679534912, 2.3654513359069824, 0.0015258792554959655, 0.003051758510991931, 0.006103517021983862, 0.012207034043967724, 0.024414068087935448, 0.048828136175870895, 0.09765627235174179, 0.19531254470348358, 0.00152587890625, 0.0030517578125, 0.006103515625, 0.01220703125, 0.0244140625, 0.048828125, 0.09765625, 0.1953125, 0.00152587890625, 0.0030517578125, 0.006103515625, 0.01220703125, 0.0244140625, 0.048828125, 0.09765625, 0.1953125, 0.0015258792554959655, 0.003051758510991931, 0.006103517021983862, 0.012207034043967724, 0.024414068087935448, 0.048828136175870895, 0.09765627235174179, 0.19531254470348358, 0.005086262710392475, 0.01017252542078495, 0.0203450508415699, 0.0406901016831398, 0.0813802033662796, 0.1627604067325592, 0.3255208134651184, 0.6510416269302368, 0.0, 0.0, 0.0, 0.0, 0.0, 0.0, 0.0, 0.0, 0.0, 0.0, 0.0, 0.0, 0.0, 0.0, 0.0, 0.0], [0.0369601771235466, -3.3823628425598145, 0.1478407084941864, 0.2956814169883728, 0.5913628339767456, 1.1827256679534912, 2.3654513359069824, 4.730902671813965, 0.0369601771235466, 0.0739203542470932, 0.1478407084941864, 0.2956814169883728, 0.5913628339767456, 1.1827256679534912, 2.3654513359069824, 4.730902671813965, 0.0030517580453306437, 0.006103516090661287, 0.012207032181322575, 0.02441406436264515, 0.0488281287252903, 0.0976562574505806, 0.1953125149011612, 0.3906250298023224, 0.0369601771235466, 0.0739203542470932, 0.1478407084941864, 0.2956814169883728, 0.5913628339767456, 1.1827256679534912, 2.3654513359069824, 4.730902671813965, 0.0030517573468387127, 0.006103514693677425, 0.01220702938735485, 0.0244140587747097, 0.0488281175494194, 0.0976562350988388, 0.1953124701976776, 0.3906249403953552, 0.003051758510991931, 0.006103517021983862, 0.012207034043967724, 0.024414068087935448, 0.048828136175870895, 0.09765627235174179, 0.19531254470348358, 0.39062508940696716, 0.0369601771235466, 0.0739203542470932, 0.1478407084941864, 0.2956814169883728, 0.5913628339767456, 1.1827256679534912, 2.3654513359069824, 4.730902671813965, 0.003051758510991931, 0.006103517021983862, 0.012207034043967724, 0.024414068087935448, 0.048828136175870895, 0.09765627235174179, 0.19531254470348358, 0.39062508940696716, 0.0030517578125, 0.006103515625, 0.01220703125, 0.0244140625, 0.048828125, 0.09765625, 0.1953125, 0.390625, 0.0030517578125, 0.006103515625, 0.01220703125, 0.0244140625, 0.048828125, 0.09765625, 0.1953125, 0.390625, 0.003051758510991931, 0.006103517021983862, 0.012207034043967724, 0.024414068087935448, 0.048828136175870895, 0.09765627235174179, 0.19531254470348358, 0.39062508940696716, 0.01017252542078495, 0.0203450508415699, 0.0406901016831398, 0.0813802033662796, 0.1627604067325592, 0.3255208134651184, 0.6510416269302368, 1.3020832538604736, 0.0, 0.0, 0.0, 0.0, 0.0, 0.0, 0.0, 0.0, 0.0, 0.0, 0.0, 0.0, 0.0, 0.0, 0.0, 0.0], [0.0739203542470932, 0.1478407084941864, -6.616885185241699, 0.5913628339767456, 1.1827256679534912, 2.3654513359069824, 4.730902671813965, 9.46180534362793, 0.0739203542470932, 0.1478407084941864, 0.2956814169883728, 0.5913628339767456, 1.1827256679534912, 2.3654513359069824, 4.730902671813965, 9.46180534362793, 0.006103516090661287, 0.012207032181322575, 0.02441406436264515, 0.0488281287252903, 0.0976562574505806, 0.1953125149011612, 0.3906250298023224, 0.7812500596046448, 0.0739203542470932, 0.1478407084941864, 0.2956814169883728, 0.5913628339767456, 1.1827256679534912, 2.3654513359069824, 4.730902671813965, 9.46180534362793, 0.006103514693677425, 0.01220702938735485, 0.0244140587747097, 0.0488281175494194, 0.0976562350988388, 0.1953124701976776, 0.3906249403953552, 0.7812498807907104, 0.006103517021983862, 0.012207034043967724, 0.024414068087935448, 0.048828136175870895, 0.09765627235174179, 0.19531254470348358, 0.39062508940696716, 0.7812501788139343, 0.0739203542470932, 0.1478407084941864, 0.2956814169883728, 0.5913628339767456, 1.1827256679534912, 2.3654513359069824, 4.730902671813965, 9.46180534362793, 0.006103517021983862, 0.012207034043967724, 0.024414068087935448, 0.048828136175870895, 0.09765627235174179, 0.19531254470348358, 0.39062508940696716, 0.7812501788139343, 0.006103515625, 0.01220703125, 0.0244140625, 0.048828125, 0.09765625, 0.1953125, 0.390625, 0.78125, 0.006103515625, 0.01220703125, 0.0244140625, 0.048828125, 0.09765625, 0.1953125, 0.390625, 0.78125, 0.006103517021983862, 0.012207034043967724, 0.024414068087935448, 0.048828136175870895, 0.09765627235174179, 0.19531254470348358, 0.39062508940696716, 0.7812501788139343, 0.0203450508415699, 0.0406901016831398, 0.0813802033662796, 0.1627604067325592, 0.3255208134651184, 0.6510416269302368, 1.3020832538604736, 2.6041665077209473, 0.0, 0.0, 0.0, 0.0, 0.0, 0.0, 0.0, 0.0, 0.0, 0.0, 0.0, 0.0, 0.0, 0.0, 0.0, 0.0], [0.1478407084941864, 0.2956814169883728, 0.5913628339767456, -12.642406463623047, 2.3654513359069824, 4.730902671813965, 9.46180534362793, 18.92361068725586, 0.1478407084941864, 0.2956814169883728, 0.5913628339767456, 1.1827256679534912, 2.3654513359069824, 4.730902671813965, 9.46180534362793, 18.92361068725586, 0.012207032181322575, 0.02441406436264515, 0.0488281287252903, 0.0976562574505806, 0.1953125149011612, 0.3906250298023224, 0.7812500596046448, 1.5625001192092896, 0.1478407084941864, 0.2956814169883728, 0.5913628339767456, 1.1827256679534912, 2.3654513359069824, 4.730902671813965, 9.46180534362793, 18.92361068725586, 0.01220702938735485, 0.0244140587747097, 0.0488281175494194, 0.0976562350988388, 0.1953124701976776, 0.3906249403953552, 0.7812498807907104, 1.562499761581421, 0.012207034043967724, 0.024414068087935448, 0.048828136175870895, 0.09765627235174179, 0.19531254470348358, 0.39062508940696716, 0.7812501788139343, 1.5625003576278687, 0.1478407084941864, 0.2956814169883728, 0.5913628339767456, 1.1827256679534912, 2.3654513359069824, 4.730902671813965, 9.46180534362793, 18.92361068725586, 0.012207034043967724, 0.024414068087935448, 0.048828136175870895, 0.09765627235174179, 0.19531254470348358, 0.39062508940696716, 0.7812501788139343, 1.5625003576278687, 0.01220703125, 0.0244140625, 0.048828125, 0.09765625, 0.1953125, 0.390625, 0.78125, 1.5625, 0.01220703125, 0.0244140625, 0.048828125, 0.09765625, 0.1953125, 0.390625, 0.78125, 1.5625, 0.012207034043967724, 0.024414068087935448, 0.048828136175870895, 0.09765627235174179, 0.19531254470348358, 0.39062508940696716, 0.7812501788139343, 1.5625003576278687, 0.0406901016831398, 0.0813802033662796, 0.1627604067325592, 0.3255208134651184, 0.6510416269302368, 1.3020832538604736, 2.6041665077209473, 5.2083330154418945, 0.0, 0.0, 0.0, 0.0, 0.0, 0.0, 0.0, 0.0, 0.0, 0.0, 0.0, 0.0, 0.0, 0.0, 0.0, 0.0], [0.2956814169883728, 0.5913628339767456, 1.1827256679534912, 2.3654513359069824, -22.919361114501953, 9.46180534362793, 18.92361068725586, 37.84722137451172, 0.2956814169883728, 0.5913628339767456, 1.1827256679534912, 2.3654513359069824, 4.730902671813965, 9.46180534362793, 18.92361068725586, 37.84722137451172, 0.02441406436264515, 0.0488281287252903, 0.0976562574505806, 0.1953125149011612, 0.3906250298023224, 0.7812500596046448, 1.5625001192092896, 3.125000238418579, 0.2956814169883728, 0.5913628339767456, 1.1827256679534912, 2.3654513359069824, 4.730902671813965, 9.46180534362793, 18.92361068725586, 37.84722137451172, 0.0244140587747097, 0.0488281175494194, 0.0976562350988388, 0.1953124701976776, 0.3906249403953552, 0.7812498807907104, 1.562499761581421, 3.124999523162842, 0.024414068087935448, 0.048828136175870895, 0.09765627235174179, 0.19531254470348358, 0.39062508940696716, 0.7812501788139343, 1.5625003576278687, 3.1250007152557373, 0.2956814169883728, 0.5913628339767456, 1.1827256679534912, 2.3654513359069824, 4.730902671813965, 9.46180534362793, 18.92361068725586, 37.84722137451172, 0.024414068087935448, 0.048828136175870895, 0.09765627235174179, 0.19531254470348358, 0.39062508940696716, 0.7812501788139343, 1.5625003576278687, 3.1250007152557373, 0.0244140625, 0.048828125, 0.09765625, 0.1953125, 0.390625, 0.78125, 1.5625, 3.125, 0.0244140625, 0.048828125, 0.09765625, 0.1953125, 0.390625, 0.78125, 1.5625, 3.125, 0.024414068087935448, 0.048828136175870895, 0.09765627235174179, 0.19531254470348358, 0.39062508940696716, 0.7812501788139343, 1.5625003576278687, 3.1250007152557373, 0.0813802033662796, 0.1627604067325592, 0.3255208134651184, 0.6510416269302368, 1.3020832538604736, 2.6041665077209473, 5.2083330154418945, 10.416666030883789, 0.0, 0.0, 0.0, 0.0, 0.0, 0.0, 0.0, 0.0, 0.0, 0.0, 0.0, 0.0, 0.0, 0.0, 0.0, 0.0], [0.5913628339767456, 1.1827256679534912, 2.3654513359069824, 4.730902671813965, 9.46180534362793, -36.37691879272461, 37.84722137451172, 75.69444274902344, 0.5913628339767456, 1.1827256679534912, 2.3654513359069824, 4.730902671813965, 9.46180534362793, 18.92361068725586, 37.84722137451172, 75.69444274902344, 0.0488281287252903, 0.0976562574505806, 0.1953125149011612, 0.3906250298023224, 0.7812500596046448, 1.5625001192092896, 3.125000238418579, 6.250000476837158, 0.5913628339767456, 1.1827256679534912, 2.3654513359069824, 4.730902671813965, 9.46180534362793, 18.92361068725586, 37.84722137451172, 75.69444274902344, 0.0488281175494194, 0.0976562350988388, 0.1953124701976776, 0.3906249403953552, 0.7812498807907104, 1.562499761581421, 3.124999523162842, 6.249999046325684, 0.048828136175870895, 0.09765627235174179, 0.19531254470348358, 0.39062508940696716, 0.7812501788139343, 1.5625003576278687, 3.1250007152557373, 6.250001430511475, 0.5913628339767456, 1.1827256679534912, 2.3654513359069824, 4.730902671813965, 9.46180534362793, 18.92361068725586, 37.84722137451172, 75.69444274902344, 0.048828136175870895, 0.09765627235174179, 0.19531254470348358, 0.39062508940696716, 0.7812501788139343, 1.5625003576278687, 3.1250007152557373, 6.250001430511475, 0.048828125, 0.09765625, 0.1953125, 0.390625, 0.78125, 1.5625, 3.125, 6.25, 0.048828125, 0.09765625, 0.1953125, 0.390625, 0.78125, 1.5625, 3.125, 6.25, 0.048828136175870895, 0.09765627235174179, 0.19531254470348358, 0.39062508940696716, 0.7812501788139343, 1.5625003576278687, 3.1250007152557373, 6.250001430511475, 0.1627604067325592, 0.3255208134651184, 0.6510416269302368, 1.3020832538604736, 2.6041665077209473, 5.2083330154418945, 10.416666030883789, 20.833332061767578, 0.0, 0.0, 0.0, 0.0, 0.0, 0.0, 0.0, 0.0, 0.0, 0.0, 0.0, 0.0, 0.0, 0.0, 0.0, 0.0], [1.1827256679534912, 2.3654513359069824, 4.730902671813965, 9.46180534362793, 18.92361068725586, 37.84722137451172, -34.9066162109375, 151.38888549804688, 1.1827256679534912, 2.3654513359069824, 4.730902671813965, 9.46180534362793, 18.92361068725586, 37.84722137451172, 75.69444274902344, 151.38888549804688, 0.0976562574505806, 0.1953125149011612, 0.3906250298023224, 0.7812500596046448, 1.5625001192092896, 3.125000238418579, 6.250000476837158, 12.500000953674316, 1.1827256679534912, 2.3654513359069824, 4.730902671813965, 9.46180534362793, 18.92361068725586, 37.84722137451172, 75.69444274902344, 151.38888549804688, 0.0976562350988388, 0.1953124701976776, 0.3906249403953552, 0.7812498807907104, 1.562499761581421, 3.124999523162842, 6.249999046325684, 12.499998092651367, 0.09765627235174179, 0.19531254470348358, 0.39062508940696716, 0.7812501788139343, 1.5625003576278687, 3.1250007152557373, 6.250001430511475, 12.50000286102295, 1.1827256679534912, 2.3654513359069824, 4.730902671813965, 9.46180534362793, 18.92361068725586, 37.84722137451172, 75.69444274902344, 151.38888549804688, 0.09765627235174179, 0.19531254470348358, 0.39062508940696716, 0.7812501788139343, 1.5625003576278687, 3.1250007152557373, 6.250001430511475, 12.50000286102295, 0.09765625, 0.1953125, 0.390625, 0.78125, 1.5625, 3.125, 6.25, 12.5, 0.09765625, 0.1953125, 0.390625, 0.78125, 1.5625, 3.125, 6.25, 12.5, 0.09765627235174179, 0.19531254470348358, 0.39062508940696716, 0.7812501788139343, 1.5625003576278687, 3.1250007152557373, 6.250001430511475, 12.50000286102295, 0.3255208134651184, 0.6510416269302368, 1.3020832538604736, 2.6041665077209473, 5.2083330154418945, 10.416666030883789, 20.833332061767578, 41.666664123535156, 0.0, 0.0, 0.0, 0.0, 0.0, 0.0, 0.0, 0.0, 0.0, 0.0, 0.0, 0.0, 0.0, 0.0, 0.0, 0.0], [2.3654513359069824, 4.730902671813965, 9.46180534362793, 18.92361068725586, 37.84722137451172, 75.69444274902344, 151.38888549804688, 81.5756607055664, 2.3654513359069824, 4.730902671813965, 9.46180534362793, 18.92361068725586, 37.84722137451172, 75.69444274902344, 151.38888549804688, 302.77777099609375, 0.1953125149011612, 0.3906250298023224, 0.7812500596046448, 1.5625001192092896, 3.125000238418579, 6.250000476837158, 12.500000953674316, 25.000001907348633, 2.3654513359069824, 4.730902671813965, 9.46180534362793, 18.92361068725586, 37.84722137451172, 75.69444274902344, 151.38888549804688, 302.77777099609375, 0.1953124701976776, 0.3906249403953552, 0.7812498807907104, 1.562499761581421, 3.124999523162842, 6.249999046325684, 12.499998092651367, 24.999996185302734, 0.19531254470348358, 0.39062508940696716, 0.7812501788139343, 1.5625003576278687, 3.1250007152557373, 6.250001430511475, 12.50000286102295, 25.0000057220459, 2.3654513359069824, 4.730902671813965, 9.46180534362793, 18.92361068725586, 37.84722137451172, 75.69444274902344, 151.38888549804688, 302.77777099609375, 0.19531254470348358, 0.39062508940696716, 0.7812501788139343, 1.5625003576278687, 3.1250007152557373, 6.250001430511475, 12.50000286102295, 25.0000057220459, 0.1953125, 0.390625, 0.78125, 1.5625, 3.125, 6.25, 12.5, 25.0, 0.1953125, 0.390625, 0.78125, 1.5625, 3.125, 6.25, 12.5, 25.0, 0.19531254470348358, 0.39062508940696716, 0.7812501788139343, 1.5625003576278687, 3.1250007152557373, 6.250001430511475, 12.50000286102295, 25.0000057220459, 0.6510416269302368, 1.3020832538604736, 2.6041665077209473, 5.2083330154418945, 10.416666030883789, 20.833332061767578, 41.666664123535156, 83.33332824707031, 0.0, 0.0, 0.0, 0.0, 0.0, 0.0, 0.0, 0.0, 0.0, 0.0, 0.0, 0.0, 0.0, 0.0, 0.0, 0.0], [0.0184800885617733, 0.0369601771235466, 0.0739203542470932, 0.1478407084941864, 0.2956814169883728, 0.5913628339767456, 1.1827256679534912, 2.3654513359069824, -1.7096731662750244, 0.036960192024707794, 0.07392038404941559, 0.14784076809883118, 0.29568153619766235, 0.5913630723953247, 1.1827261447906494, 2.365452289581299, 0.0015258778585121036, 0.003051755717024207, 0.006103511434048414, 0.012207022868096828, 0.024414045736193657, 0.048828091472387314, 0.09765618294477463, 0.19531236588954926, 0.01848009042441845, 0.0369601808488369, 0.0739203616976738, 0.1478407233953476, 0.2956814467906952, 0.5913628935813904, 1.1827257871627808, 2.3654515743255615, 0.001525887637399137, 0.003051775274798274, 0.006103550549596548, 0.012207101099193096, 0.024414202198386192, 0.048828404396772385, 0.09765680879354477, 0.19531361758708954, 0.0015258761122822762, 0.0030517522245645523, 0.006103504449129105, 0.01220700889825821, 0.02441401779651642, 0.04882803559303284, 0.09765607118606567, 0.19531214237213135, 0.0184800885617733, 0.0369601771235466, 0.0739203542470932, 0.1478407084941864, 0.2956814169883728, 0.5913628339767456, 1.1827256679534912, 2.3654513359069824, 0.0015258751809597015, 0.003051750361919403, 0.006103500723838806, 0.012207001447677612, 0.024414002895355225, 0.04882800579071045, 0.0976560115814209, 0.1953120231628418, 0.0015258798375725746, 0.0030517596751451492, 0.0061035193502902985, 0.012207038700580597, 0.024414077401161194, 0.04882815480232239, 0.09765630960464478, 0.19531261920928955, 0.0015258839121088386, 0.003051767824217677, 0.006103535648435354, 0.012207071296870708, 0.024414142593741417, 0.048828285187482834, 0.09765657037496567, 0.19531314074993134, 0.0015258761122822762, 0.0030517522245645523, 0.006103504449129105, 0.01220700889825821, 0.02441401779651642, 0.04882803559303284, 0.09765607118606567, 0.19531214237213135, 0.005086262710392475, 0.01017252542078495, 0.0203450508415699, 0.0406901016831398, 0.0813802033662796, 0.1627604067325592, 0.3255208134651184, 0.6510416269302368, 0.0, 0.0, 0.0, 0.0, 0.0, 0.0, 0.0, 0.0, 0.0, 0.0, 0.0, 0.0, 0.0, 0.0, 0.0, 0.0], [0.0369601771235466, 0.0739203542470932, 0.1478407084941864, 0.2956814169883728, 0.5913628339767456, 1.1827256679534912, 2.3654513359069824, 4.730902671813965, 0.036960192024707794, -3.3823862075805664, 0.14784076809883118, 0.29568153619766235, 0.5913630723953247, 1.1827261447906494, 2.365452289581299, 4.730904579162598, 0.003051755717024207, 0.006103511434048414, 0.012207022868096828, 0.024414045736193657, 0.048828091472387314, 0.09765618294477463, 0.19531236588954926, 0.3906247317790985, 0.0369601808488369, 0.0739203616976738, 0.1478407233953476, 0.2956814467906952, 0.5913628935813904, 1.1827257871627808, 2.3654515743255615, 4.730903148651123, 0.003051775274798274, 0.006103550549596548, 0.012207101099193096, 0.024414202198386192, 0.048828404396772385, 0.09765680879354477, 0.19531361758708954, 0.3906272351741791, 0.0030517522245645523, 0.006103504449129105, 0.01220700889825821, 0.02441401779651642, 0.04882803559303284, 0.09765607118606567, 0.19531214237213135, 0.3906242847442627, 0.0369601771235466, 0.0739203542470932, 0.1478407084941864, 0.2956814169883728, 0.5913628339767456, 1.1827256679534912, 2.3654513359069824, 4.730902671813965, 0.003051750361919403, 0.006103500723838806, 0.012207001447677612, 0.024414002895355225, 0.04882800579071045, 0.0976560115814209, 0.1953120231628418, 0.3906240463256836, 0.0030517596751451492, 0.0061035193502902985, 0.012207038700580597, 0.024414077401161194, 0.04882815480232239, 0.09765630960464478, 0.19531261920928955, 0.3906252384185791, 0.003051767824217677, 0.006103535648435354, 0.012207071296870708, 0.024414142593741417, 0.048828285187482834, 0.09765657037496567, 0.19531314074993134, 0.39062628149986267, 0.0030517522245645523, 0.006103504449129105, 0.01220700889825821, 0.02441401779651642, 0.04882803559303284, 0.09765607118606567, 0.19531214237213135, 0.3906242847442627, 0.01017252542078495, 0.0203450508415699, 0.0406901016831398, 0.0813802033662796, 0.1627604067325592, 0.3255208134651184, 0.6510416269302368, 1.3020832538604736, 0.0, 0.0, 0.0, 0.0, 0.0, 0.0, 0.0, 0.0, 0.0, 0.0, 0.0, 0.0, 0.0, 0.0, 0.0, 0.0], [0.0739203542470932, 0.1478407084941864, 0.2956814169883728, 0.5913628339767456, 1.1827256679534912, 2.3654513359069824, 4.730902671813965, 9.46180534362793, 0.07392038404941559, 0.14784076809883118, -6.616931915283203, 0.5913630723953247, 1.1827261447906494, 2.365452289581299, 4.730904579162598, 9.461809158325195, 0.006103511434048414, 0.012207022868096828, 0.024414045736193657, 0.048828091472387314, 0.09765618294477463, 0.19531236588954926, 0.3906247317790985, 0.781249463558197, 0.0739203616976738, 0.1478407233953476, 0.2956814467906952, 0.5913628935813904, 1.1827257871627808, 2.3654515743255615, 4.730903148651123, 9.461806297302246, 0.006103550549596548, 0.012207101099193096, 0.024414202198386192, 0.048828404396772385, 0.09765680879354477, 0.19531361758708954, 0.3906272351741791, 0.7812544703483582, 0.006103504449129105, 0.01220700889825821, 0.02441401779651642, 0.04882803559303284, 0.09765607118606567, 0.19531214237213135, 0.3906242847442627, 0.7812485694885254, 0.0739203542470932, 0.1478407084941864, 0.2956814169883728, 0.5913628339767456, 1.1827256679534912, 2.3654513359069824, 4.730902671813965, 9.46180534362793, 0.006103500723838806, 0.012207001447677612, 0.024414002895355225, 0.04882800579071045, 0.0976560115814209, 0.1953120231628418, 0.3906240463256836, 0.7812480926513672, 0.0061035193502902985, 0.012207038700580597, 0.024414077401161194, 0.04882815480232239, 0.09765630960464478, 0.19531261920928955, 0.3906252384185791, 0.7812504768371582, 0.006103535648435354, 0.012207071296870708, 0.024414142593741417, 0.048828285187482834, 0.09765657037496567, 0.19531314074993134, 0.39062628149986267, 0.7812525629997253, 0.006103504449129105, 0.01220700889825821, 0.02441401779651642, 0.04882803559303284, 0.09765607118606567, 0.19531214237213135, 0.3906242847442627, 0.7812485694885254, 0.0203450508415699, 0.0406901016831398, 0.0813802033662796, 0.1627604067325592, 0.3255208134651184, 0.6510416269302368, 1.3020832538604736, 2.6041665077209473, 0.0, 0.0, 0.0, 0.0, 0.0, 0.0, 0.0, 0.0, 0.0, 0.0, 0.0, 0.0, 0.0, 0.0, 0.0, 0.0], [0.1478407084941864, 0.2956814169883728, 0.5913628339767456, 1.1827256679534912, 2.3654513359069824, 4.730902671813965, 9.46180534362793, 18.92361068725586, 0.14784076809883118, 0.29568153619766235, 0.5913630723953247, -12.642499923706055, 2.365452289581299, 4.730904579162598, 9.461809158325195, 18.92361831665039, 0.012207022868096828, 0.024414045736193657, 0.048828091472387314, 0.09765618294477463, 0.19531236588954926, 0.3906247317790985, 0.781249463558197, 1.562498927116394, 0.1478407233953476, 0.2956814467906952, 0.5913628935813904, 1.1827257871627808, 2.3654515743255615, 4.730903148651123, 9.461806297302246, 18.923612594604492, 0.012207101099193096, 0.024414202198386192, 0.048828404396772385, 0.09765680879354477, 0.19531361758708954, 0.3906272351741791, 0.7812544703483582, 1.5625089406967163, 0.01220700889825821, 0.02441401779651642, 0.04882803559303284, 0.09765607118606567, 0.19531214237213135, 0.3906242847442627, 0.7812485694885254, 1.5624971389770508, 0.1478407084941864, 0.2956814169883728, 0.5913628339767456, 1.1827256679534912, 2.3654513359069824, 4.730902671813965, 9.46180534362793, 18.92361068725586, 0.012207001447677612, 0.024414002895355225, 0.04882800579071045, 0.0976560115814209, 0.1953120231628418, 0.3906240463256836, 0.7812480926513672, 1.5624961853027344, 0.012207038700580597, 0.024414077401161194, 0.04882815480232239, 0.09765630960464478, 0.19531261920928955, 0.3906252384185791, 0.7812504768371582, 1.5625009536743164, 0.012207071296870708, 0.024414142593741417, 0.048828285187482834, 0.09765657037496567, 0.19531314074993134, 0.39062628149986267, 0.7812525629997253, 1.5625051259994507, 0.01220700889825821, 0.02441401779651642, 0.04882803559303284, 0.09765607118606567, 0.19531214237213135, 0.3906242847442627, 0.7812485694885254, 1.5624971389770508, 0.0406901016831398, 0.0813802033662796, 0.1627604067325592, 0.3255208134651184, 0.6510416269302368, 1.3020832538604736, 2.6041665077209473, 5.2083330154418945, 0.0, 0.0, 0.0, 0.0, 0.0, 0.0, 0.0, 0.0, 0.0, 0.0, 0.0, 0.0, 0.0, 0.0, 0.0, 0.0], [0.2956814169883728, 0.5913628339767456, 1.1827256679534912, 2.3654513359069824, 4.730902671813965, 9.46180534362793, 18.92361068725586, 37.84722137451172, 0.29568153619766235, 0.5913630723953247, 1.1827261447906494, 2.365452289581299, -22.91954803466797, 9.461809158325195, 18.92361831665039, 37.84723663330078, 0.024414045736193657, 0.048828091472387314, 0.09765618294477463, 0.19531236588954926, 0.3906247317790985, 0.781249463558197, 1.562498927116394, 3.124997854232788, 0.2956814467906952, 0.5913628935813904, 1.1827257871627808, 2.3654515743255615, 4.730903148651123, 9.461806297302246, 18.923612594604492, 37.847225189208984, 0.024414202198386192, 0.048828404396772385, 0.09765680879354477, 0.19531361758708954, 0.3906272351741791, 0.7812544703483582, 1.5625089406967163, 3.1250178813934326, 0.02441401779651642, 0.04882803559303284, 0.09765607118606567, 0.19531214237213135, 0.3906242847442627, 0.7812485694885254, 1.5624971389770508, 3.1249942779541016, 0.2956814169883728, 0.5913628339767456, 1.1827256679534912, 2.3654513359069824, 4.730902671813965, 9.46180534362793, 18.92361068725586, 37.84722137451172, 0.024414002895355225, 0.04882800579071045, 0.0976560115814209, 0.1953120231628418, 0.3906240463256836, 0.7812480926513672, 1.5624961853027344, 3.1249923706054688, 0.024414077401161194, 0.04882815480232239, 0.09765630960464478, 0.19531261920928955, 0.3906252384185791, 0.7812504768371582, 1.5625009536743164, 3.125001907348633, 0.024414142593741417, 0.048828285187482834, 0.09765657037496567, 0.19531314074993134, 0.39062628149986267, 0.7812525629997253, 1.5625051259994507, 3.1250102519989014, 0.02441401779651642, 0.04882803559303284, 0.09765607118606567, 0.19531214237213135, 0.3906242847442627, 0.7812485694885254, 1.5624971389770508, 3.1249942779541016, 0.0813802033662796, 0.1627604067325592, 0.3255208134651184, 0.6510416269302368, 1.3020832538604736, 2.6041665077209473, 5.2083330154418945, 10.416666030883789, 0.0, 0.0, 0.0, 0.0, 0.0, 0.0, 0.0, 0.0, 0.0, 0.0, 0.0, 0.0, 0.0, 0.0, 0.0, 0.0], [0.5913628339767456, 1.1827256679534912, 2.3654513359069824, 4.730902671813965, 9.46180534362793, 18.92361068725586, 37.84722137451172, 75.69444274902344, 0.5913630723953247, 1.1827261447906494, 2.365452289581299, 4.730904579162598, 9.461809158325195, -36.377288818359375, 37.84723663330078, 75.69447326660156, 0.048828091472387314, 0.09765618294477463, 0.19531236588954926, 0.3906247317790985, 0.781249463558197, 1.562498927116394, 3.124997854232788, 6.249995708465576, 0.5913628935813904, 1.1827257871627808, 2.3654515743255615, 4.730903148651123, 9.461806297302246, 18.923612594604492, 37.847225189208984, 75.69445037841797, 0.048828404396772385, 0.09765680879354477, 0.19531361758708954, 0.3906272351741791, 0.7812544703483582, 1.5625089406967163, 3.1250178813934326, 6.250035762786865, 0.04882803559303284, 0.09765607118606567, 0.19531214237213135, 0.3906242847442627, 0.7812485694885254, 1.5624971389770508, 3.1249942779541016, 6.249988555908203, 0.5913628339767456, 1.1827256679534912, 2.3654513359069824, 4.730902671813965, 9.46180534362793, 18.92361068725586, 37.84722137451172, 75.69444274902344, 0.04882800579071045, 0.0976560115814209, 0.1953120231628418, 0.3906240463256836, 0.7812480926513672, 1.5624961853027344, 3.1249923706054688, 6.2499847412109375, 0.04882815480232239, 0.09765630960464478, 0.19531261920928955, 0.3906252384185791, 0.7812504768371582, 1.5625009536743164, 3.125001907348633, 6.250003814697266, 0.048828285187482834, 0.09765657037496567, 0.19531314074993134, 0.39062628149986267, 0.7812525629997253, 1.5625051259994507, 3.1250102519989014, 6.250020503997803, 0.04882803559303284, 0.09765607118606567, 0.19531214237213135, 0.3906242847442627, 0.7812485694885254, 1.5624971389770508, 3.1249942779541016, 6.249988555908203, 0.1627604067325592, 0.3255208134651184, 0.6510416269302368, 1.3020832538604736, 2.6041665077209473, 5.2083330154418945, 10.416666030883789, 20.833332061767578, 0.0, 0.0, 0.0, 0.0, 0.0, 0.0, 0.0, 0.0, 0.0, 0.0, 0.0, 0.0, 0.0, 0.0, 0.0, 0.0], [1.1827256679534912, 2.3654513359069824, 4.730902671813965, 9.46180534362793, 18.92361068725586, 37.84722137451172, 75.69444274902344, 151.38888549804688, 1.1827261447906494, 2.365452289581299, 4.730904579162598, 9.461809158325195, 18.92361831665039, 37.84723663330078, -34.9073371887207, 151.38894653320312, 0.09765618294477463, 0.19531236588954926, 0.3906247317790985, 0.781249463558197, 1.562498927116394, 3.124997854232788, 6.249995708465576, 12.499991416931152, 1.1827257871627808, 2.3654515743255615, 4.730903148651123, 9.461806297302246, 18.923612594604492, 37.847225189208984, 75.69445037841797, 151.38890075683594, 0.09765680879354477, 0.19531361758708954, 0.3906272351741791, 0.7812544703483582, 1.5625089406967163, 3.1250178813934326, 6.250035762786865, 12.50007152557373, 0.09765607118606567, 0.19531214237213135, 0.3906242847442627, 0.7812485694885254, 1.5624971389770508, 3.1249942779541016, 6.249988555908203, 12.499977111816406, 1.1827256679534912, 2.3654513359069824, 4.730902671813965, 9.46180534362793, 18.92361068725586, 37.84722137451172, 75.69444274902344, 151.38888549804688, 0.0976560115814209, 0.1953120231628418, 0.3906240463256836, 0.7812480926513672, 1.5624961853027344, 3.1249923706054688, 6.2499847412109375, 12.499969482421875, 0.09765630960464478, 0.19531261920928955, 0.3906252384185791, 0.7812504768371582, 1.5625009536743164, 3.125001907348633, 6.250003814697266, 12.500007629394531, 0.09765657037496567, 0.19531314074993134, 0.39062628149986267, 0.7812525629997253, 1.5625051259994507, 3.1250102519989014, 6.250020503997803, 12.500041007995605, 0.09765607118606567, 0.19531214237213135, 0.3906242847442627, 0.7812485694885254, 1.5624971389770508, 3.1249942779541016, 6.249988555908203, 12.499977111816406, 0.3255208134651184, 0.6510416269302368, 1.3020832538604736, 2.6041665077209473, 5.2083330154418945, 10.416666030883789, 20.833332061767578, 41.666664123535156, 0.0, 0.0, 0.0, 0.0, 0.0, 0.0, 0.0, 0.0, 0.0, 0.0, 0.0, 0.0, 0.0, 0.0, 0.0, 0.0], [2.3654513359069824, 4.730902671813965, 9.46180534362793, 18.92361068725586, 37.84722137451172, 75.69444274902344, 151.38888549804688, 302.77777099609375, 2.365452289581299, 4.730904579162598, 9.461809158325195, 18.92361831665039, 37.84723663330078, 75.69447326660156, 151.38894653320312, 81.57427978515625, 0.19531236588954926, 0.3906247317790985, 0.781249463558197, 1.562498927116394, 3.124997854232788, 6.249995708465576, 12.499991416931152, 24.999982833862305, 2.3654515743255615, 4.730903148651123, 9.461806297302246, 18.923612594604492, 37.847225189208984, 75.69445037841797, 151.38890075683594, 302.7778015136719, 0.19531361758708954, 0.3906272351741791, 0.7812544703483582, 1.5625089406967163, 3.1250178813934326, 6.250035762786865, 12.50007152557373, 25.00014305114746, 0.19531214237213135, 0.3906242847442627, 0.7812485694885254, 1.5624971389770508, 3.1249942779541016, 6.249988555908203, 12.499977111816406, 24.999954223632812, 2.3654513359069824, 4.730902671813965, 9.46180534362793, 18.92361068725586, 37.84722137451172, 75.69444274902344, 151.38888549804688, 302.77777099609375, 0.1953120231628418, 0.3906240463256836, 0.7812480926513672, 1.5624961853027344, 3.1249923706054688, 6.2499847412109375, 12.499969482421875, 24.99993896484375, 0.19531261920928955, 0.3906252384185791, 0.7812504768371582, 1.5625009536743164, 3.125001907348633, 6.250003814697266, 12.500007629394531, 25.000015258789062, 0.19531314074993134, 0.39062628149986267, 0.7812525629997253, 1.5625051259994507, 3.1250102519989014, 6.250020503997803, 12.500041007995605, 25.00008201599121, 0.19531214237213135, 0.3906242847442627, 0.7812485694885254, 1.5624971389770508, 3.1249942779541016, 6.249988555908203, 12.499977111816406, 24.999954223632812, 0.6510416269302368, 1.3020832538604736, 2.6041665077209473, 5.2083330154418945, 10.416666030883789, 20.833332061767578, 41.666664123535156, 83.33332824707031, 0.0, 0.0, 0.0, 0.0, 0.0, 0.0, 0.0, 0.0, 0.0, 0.0, 0.0, 0.0, 0.0, 0.0, 0.0, 0.0], [0.0015258790226653218, 0.0030517580453306437, 0.006103516090661287, 0.012207032181322575, 0.02441406436264515, 0.0488281287252903, 0.0976562574505806, 0.1953125149011612, 0.0015258778585121036, 0.003051755717024207, 0.006103511434048414, 0.012207022868096828, 0.024414045736193657, 0.048828091472387314, 0.09765618294477463, 0.19531236588954926, -0.7797006964683533, 0.0030517596751451492, 0.0061035193502902985, 0.012207038700580597, 0.024414077401161194, 0.04882815480232239, 0.09765630960464478, 0.19531261920928955, 0.0015258786734193563, 0.0030517573468387127, 0.006103514693677425, 0.01220702938735485, 0.0244140587747097, 0.0488281175494194, 0.0976562350988388, 0.1953124701976776, 0.0015258779749274254, 0.0030517559498548508, 0.0061035118997097015, 0.012207023799419403, 0.024414047598838806, 0.04882809519767761, 0.09765619039535522, 0.19531238079071045, 0.001525881583802402, 0.003051763167604804, 0.006103526335209608, 0.012207052670419216, 0.024414105340838432, 0.048828210681676865, 0.09765642136335373, 0.19531284272670746, 0.0015258793719112873, 0.0030517587438225746, 0.006103517487645149, 0.012207034975290298, 0.024414069950580597, 0.048828139901161194, 0.09765627980232239, 0.19531255960464478, 0.001525882980786264, 0.003051765961572528, 0.006103531923145056, 0.012207063846290112, 0.024414127692580223, 0.048828255385160446, 0.09765651077032089, 0.19531302154064178, 0.0015258787898346782, 0.0030517575796693563, 0.006103515159338713, 0.012207030318677425, 0.02441406063735485, 0.0488281212747097, 0.0976562425494194, 0.1953124850988388, 0.001525878207758069, 0.003051756415516138, 0.006103512831032276, 0.012207025662064552, 0.024414051324129105, 0.04882810264825821, 0.09765620529651642, 0.19531241059303284, 0.001525881583802402, 0.003051763167604804, 0.006103526335209608, 0.012207052670419216, 0.024414105340838432, 0.048828210681676865, 0.09765642136335373, 0.19531284272670746, 0.0, 0.0, 0.0, 0.0, 0.0, 0.0, 0.0, 0.0, 0.0, 0.0, 0.0, 0.0, 0.0, 0.0, 0.0, 0.0, 0.0, 0.0, 0.0, 0.0, 0.0, 0.0, 0.0, 0.0], [0.0030517580453306437, 0.006103516090661287, 0.012207032181322575, 0.02441406436264515, 0.0488281287252903, 0.0976562574505806, 0.1953125149011612, 0.3906250298023224, 0.003051755717024207, 0.006103511434048414, 0.012207022868096828, 0.024414045736193657, 0.048828091472387314, 0.09765618294477463, 0.19531236588954926, 0.3906247317790985, 0.0030517596751451492, -1.5563496351242065, 0.012207038700580597, 0.024414077401161194, 0.04882815480232239, 0.09765630960464478, 0.19531261920928955, 0.3906252384185791, 0.0030517573468387127, 0.006103514693677425, 0.01220702938735485, 0.0244140587747097, 0.0488281175494194, 0.0976562350988388, 0.1953124701976776, 0.3906249403953552, 0.0030517559498548508, 0.0061035118997097015, 0.012207023799419403, 0.024414047598838806, 0.04882809519767761, 0.09765619039535522, 0.19531238079071045, 0.3906247615814209, 0.003051763167604804, 0.006103526335209608, 0.012207052670419216, 0.024414105340838432, 0.048828210681676865, 0.09765642136335373, 0.19531284272670746, 0.3906256854534149, 0.0030517587438225746, 0.006103517487645149, 0.012207034975290298, 0.024414069950580597, 0.048828139901161194, 0.09765627980232239, 0.19531255960464478, 0.39062511920928955, 0.003051765961572528, 0.006103531923145056, 0.012207063846290112, 0.024414127692580223, 0.048828255385160446, 0.09765651077032089, 0.19531302154064178, 0.39062604308128357, 0.0030517575796693563, 0.006103515159338713, 0.012207030318677425, 0.02441406063735485, 0.0488281212747097, 0.0976562425494194, 0.1953124850988388, 0.3906249701976776, 0.003051756415516138, 0.006103512831032276, 0.012207025662064552, 0.024414051324129105, 0.04882810264825821, 0.09765620529651642, 0.19531241059303284, 0.3906248211860657, 0.00305176316760