{"size": [112, 112], "args": [["A12.csv", "A13.csv", "A14.csv", "A15.csv", "A16.csv", "A17.csv", "A18.csv", "A19.csv", "A20.csv", "A21.csv", "A22.csv"], 0.3, 0.5, 0.5, 0.2, 5, [64, 32, 16], [[100.0, 100.0, 100.0, 100.0], [10.0, 10.0, 10.0, 10.0], [50.0, 50.0, 50.0, 50.0], [200.0, 200.0, 200.0, 200.0]]], "c": [50.0, 50.0, 50.0, 50.0], "tag": "r11-12-13-14-15-16-17-18-19-20-21-0.3-0.5-0.5-0.2-5-50.0-50.0-50.0-50.0-112x112", "data:": {"q": {"x1": [0.0], "x2": [0.0], "x3": [0.0], "x4": [0.0], "x5": [0.0], "x6": [0.0], "x7": [0.125], "x8": [0.0625], "x9": [0.8125], "x10": [0.0], "x11": [0.0]}, "program": "minimize(list(x1,x2,x3,x4,x5,x6,x7,x8,x9,x10,x11),((0.00050280851*x1*x1)+(-0.00019062827545936423*x1*x2)+(-4.031530205846567e-05*x1*x3)+(0.0007700176504322732*x1*x4)+(6.192713992171585e-05*x1*x5)+(0.00048811123386023885*x1*x6)+(-0.00023036235438285524*x1*x7)+(-8.794945473561527e-05*x1*x8)+(0.00017771429542756334*x1*x9)+(-0.00028016271120196974*x1*x10)+(1.8261617634297466e-05*x1*x11)+(-0.00019062827545936423*x2*x1)+(0.0002215961095*x2*x2)+(4.138051815909238e-05*x2*x3)+(-0.00026616938600436315*x2*x4)+(-2.6005447507047694e-05*x2*x5)+(-0.00019009026157816382*x2*x6)+(0.00038132936867621534*x2*x7)+(9.12582481698027e-05*x2*x8)+(-7.144269058242879e-05*x2*x9)+(0.0003274615890845067*x2*x10)+(-6.948233787202782e-06*x2*x11)+(-4.031530205846567e-05*x3*x1)+(4.138051815909238e-05*x3*x2)+(1.033340535e-05*x3*x3)+(-6.673337963305604e-05*x3*x4)+(-3.8409998700419695e-07*x3*x5)+(-3.770919999804347e-05*x3*x6)+(5.0682785566240185e-05*x3*x7)+(2.149816919905578e-05*x3*x8)+(-1.2906774843073148e-05*x3*x9)+(6.069472466996569e-05*x3*x10)+(7.830762370487581e-07*x3*x11)+(0.0007700176504322732*x4*x1)+(-0.00026616938600436315*x4*x2)+(-6.673337963305604e-05*x4*x3)+(0.001219171765*x4*x4)+(7.562576050701523e-05*x4*x5)+(0.0007380159825363063*x4*x6)+(-0.00023041520169260102*x4*x7)+(-0.00014086357313986166*x4*x8)+(0.00026378168779700494*x4*x9)+(-0.00038925522235463056*x4*x10)+(1.9545642861722545e-05*x4*x11)+(6.192713992171585e-05*x5*x1)+(-2.6005447507047694e-05*x5*x2)+(-3.8409998700419695e-07*x5*x3)+(7.562576050701523e-05*x5*x4)+(1.76012048e-05*x5*x5)+(6.476448698375362e-05*x5*x6)+(-7.124303554703252e-05*x5*x7)+(-3.260291775633701e-06*x5*x8)+(2.601586810319568e-05*x5*x9)+(-3.910717150957514e-05*x5*x10)+(6.701513687147297e-06*x5*x11)+(0.00048811123386023885*x6*x1)+(-0.00019009026157816382*x6*x2)+(-3.770919999804347e-05*x6*x3)+(0.0007380159825363063*x6*x4)+(6.476448698375362e-05*x6*x5)+(0.000476109129*x6*x6)+(-0.00025094866257730354*x6*x7)+(-8.340248266012542e-05*x6*x8)+(0.0001745215178258947*x6*x9)+(-0.0002798260167923604*x6*x10)+(1.977381483915984e-05*x6*x11)+(-0.00023036235438285524*x7*x1)+(0.00038132936867621534*x7*x2)+(5.0682785566240185e-05*x7*x3)+(-0.00023041520169260102*x7*x4)+(-7.124303554703252e-05*x7*x5)+(-0.00025094866257730354*x7*x6)+(0.0008289611*x7*x7)+(0.00012168529988102242*x7*x8)+(-0.00010491538277051133*x7*x9)+(0.0005672198584384658*x7*x10)+(-2.540282805646928e-05*x7*x11)+(-8.794945473561527e-05*x8*x1)+(9.12582481698027e-05*x8*x2)+(2.149816919905578e-05*x8*x3)+(-0.00014086357313986166*x8*x4)+(-3.260291775633701e-06*x8*x5)+(-8.340248266012542e-05*x8*x6)+(0.00012168529988102242*x8*x7)+(4.5209583e-05*x8*x8)+(-2.91667702333832e-05*x8*x9)+(0.00013407502626712708*x8*x10)+(6.297422691107892e-07*x8*x11)+(0.00017771429542756334*x9*x1)+(-7.144269058242879e-05*x9*x2)+(-1.2906774843073148e-05*x9*x3)+(0.00026378168779700494*x9*x4)+(2.601586810319568e-05*x9*x5)+(0.0001745215178258947*x9*x6)+(-0.00010491538277051133*x9*x7)+(-2.91667702333832e-05*x9*x8)+(6.45818595e-05*x9*x9)+(-0.00010539697220660459*x9*x10)+(8.274801681695728e-06*x9*x11)+(-0.00028016271120196974*x10*x1)+(0.0003274615890845067*x10*x2)+(6.069472466996569e-05*x10*x3)+(-0.00038925522235463056*x10*x4)+(-3.910717150957514e-05*x10*x5)+(-0.0002798260167923604*x10*x6)+(0.0005672198584384658*x10*x7)+(0.00013407502626712708*x10*x8)+(-0.00010539697220660459*x10*x9)+(0.00048398427750000005*x10*x10)+(-1.0596258285851005e-05*x10*x11)+(1.8261617634297466e-05*x11*x1)+(-6.948233787202782e-06*x11*x2)+(7.830762370487581e-07*x11*x3)+(1.9545642861722545e-05*x11*x4)+(6.701513687147297e-06*x11*x5)+(1.977381483915984e-05*x11*x6)+(-2.540282805646928e-05*x11*x7)+(6.297422691107892e-07*x11*x8)+(8.274801681695728e-06*x11*x9)+(-1.0596258285851005e-05*x11*x10)+(2.6589402100000005e-06*x11*x11)-((-0.01*x1)+(-0.0185*x2)+(-0.0115*x3)+(-0.007*x4)+(-0.0225*x5)+(-0.0115*x6)+(-0.006*x7)+(-0.0115*x8)+(-0.006*x9)+(-0.017*x10)+(-0.02*x11))))\n & label('total', x1+x2+x3+x4+x5+x6+x7+x8+x9+x10+x11==1.0) & \nlabel('eqlimit', (0.0*x1)+(0.0*x2)+(0.0*x3)+(0.0*x4)+(3.3333333333333335*x5)+(0.0*x6)+(0.0*x7)+(3.3333333333333335*x8)+(0.0*x9)+(3.3333333333333335*x10)+(3.3333333333333335*x11)<1.0) & \nlabel('filimit', (2.0*x1)+(2.0*x2)+(0.0*x3)+(0.0*x4)+(0.0*x5)+(2.0*x6)+(0.0*x7)+(0.0*x8)+(0.0*x9)+(0.0*x10)+(0.0*x11)<1.0) & \nlabel('xxxlimit', (0.0*x1)+(0.0*x2)+(2.0*x3)+(2.0*x4)+(0.0*x5)+(0.0*x6)+(2.0*x7)+(0.0*x8)+(0.0*x9)+(0.0*x10)+(0.0*x11)<1.0)", "matrix": [[-0.8547916412353516, 0.0184800885617733, 0.0369601771235466, 0.0739203542470932, 0.1478407084941864, 0.2956814169883728, 0.5913628339767456, 1.1827256679534912, 0.00924004428088665, 0.0184800885617733, 0.0369601771235466, 0.0739203542470932, 0.1478407084941864, 0.2956814169883728, 0.5913628339767456, 1.1827256679534912, 0.0007629395695403218, 0.0015258791390806437, 0.0030517582781612873, 0.006103516556322575, 0.01220703311264515, 0.0244140662252903, 0.0488281324505806, 0.0976562649011612, 0.00924004428088665, 0.0184800885617733, 0.0369601771235466, 0.0739203542470932, 0.1478407084941864, 0.2956814169883728, 0.5913628339767456, 1.1827256679534912, 0.0007629390456713736, 0.0015258780913427472, 0.0030517561826854944, 0.006103512365370989, 0.012207024730741978, 0.024414049461483955, 0.04882809892296791, 0.09765619784593582, 0.0007629397441633046, 0.0015258794883266091, 0.0030517589766532183, 0.0061035179533064365, 0.012207035906612873, 0.024414071813225746, 0.04882814362645149, 0.09765628725290298, 0.00924004428088665, 0.0184800885617733, 0.0369601771235466, 0.0739203542470932, 0.1478407084941864, 0.2956814169883728, 0.5913628339767456, 1.1827256679534912, 0.0007629397441633046, 0.0015258794883266091, 0.0030517589766532183, 0.0061035179533064365, 0.012207035906612873, 0.024414071813225746, 0.04882814362645149, 0.09765628725290298, 0.000762939453125, 0.00152587890625, 0.0030517578125, 0.006103515625, 0.01220703125, 0.0244140625, 0.048828125, 0.09765625, 0.0007629393367096782, 0.0015258786734193563, 0.0030517573468387127, 0.006103514693677425, 0.01220702938735485, 0.0244140587747097, 0.0488281175494194, 0.0976562350988388, 0.0007629397441633046, 0.0015258794883266091, 0.0030517589766532183, 0.0061035179533064365, 0.012207035906612873, 0.024414071813225746, 0.04882814362645149, 0.09765628725290298, 0.0025431313551962376, 0.005086262710392475, 0.01017252542078495, 0.0203450508415699, 0.0406901016831398, 0.0813802033662796, 0.1627604067325592, 0.3255208134651184, 0.0, 0.0, 0.0, 0.0, 0.0, 0.0, 0.0, 0.0, 0.0, 0.0, 0.0, 0.0, 0.0, 0.0, 0.0, 0.0], [0.0184800885617733, -1.6911033391952515, 0.0739203542470932, 0.1478407084941864, 0.2956814169883728, 0.5913628339767456, 1.1827256679534912, 2.3654513359069824, 0.0184800885617733, 0.0369601771235466, 0.0739203542470932, 0.1478407084941864, 0.2956814169883728, 0.5913628339767456, 1.1827256679534912, 2.3654513359069824, 0.0015258791390806437, 0.0030517582781612873, 0.006103516556322575, 0.01220703311264515, 0.0244140662252903, 0.0488281324505806, 0.0976562649011612, 0.1953125298023224, 0.0184800885617733, 0.0369601771235466, 0.0739203542470932, 0.1478407084941864, 0.2956814169883728, 0.5913628339767456, 1.1827256679534912, 2.3654513359069824, 0.0015258780913427472, 0.0030517561826854944, 0.006103512365370989, 0.012207024730741978, 0.024414049461483955, 0.04882809892296791, 0.09765619784593582, 0.19531239569187164, 0.0015258794883266091, 0.0030517589766532183, 0.0061035179533064365, 0.012207035906612873, 0.024414071813225746, 0.04882814362645149, 0.09765628725290298, 0.19531257450580597, 0.0184800885617733, 0.0369601771235466, 0.0739203542470932, 0.1478407084941864, 0.2956814169883728, 0.5913628339767456, 1.1827256679534912, 2.3654513359069824, 0.0015258794883266091, 0.0030517589766532183, 0.0061035179533064365, 0.012207035906612873, 0.024414071813225746, 0.04882814362645149, 0.09765628725290298, 0.19531257450580597, 0.00152587890625, 0.0030517578125, 0.006103515625, 0.01220703125, 0.0244140625, 0.048828125, 0.09765625, 0.1953125, 0.0015258786734193563, 0.0030517573468387127, 0.006103514693677425, 0.01220702938735485, 0.0244140587747097, 0.0488281175494194, 0.0976562350988388, 0.1953124701976776, 0.0015258794883266091, 0.0030517589766532183, 0.0061035179533064365, 0.012207035906612873, 0.024414071813225746, 0.04882814362645149, 0.09765628725290298, 0.19531257450580597, 0.005086262710392475, 0.01017252542078495, 0.0203450508415699, 0.0406901016831398, 0.0813802033662796, 0.1627604067325592, 0.3255208134651184, 0.6510416269302368, 0.0, 0.0, 0.0, 0.0, 0.0, 0.0, 0.0, 0.0, 0.0, 0.0, 0.0, 0.0, 0.0, 0.0, 0.0, 0.0], [0.0369601771235466, 0.0739203542470932, -3.308286190032959, 0.2956814169883728, 0.5913628339767456, 1.1827256679534912, 2.3654513359069824, 4.730902671813965, 0.0369601771235466, 0.0739203542470932, 0.1478407084941864, 0.2956814169883728, 0.5913628339767456, 1.1827256679534912, 2.3654513359069824, 4.730902671813965, 0.0030517582781612873, 0.006103516556322575, 0.01220703311264515, 0.0244140662252903, 0.0488281324505806, 0.0976562649011612, 0.1953125298023224, 0.3906250596046448, 0.0369601771235466, 0.0739203542470932, 0.1478407084941864, 0.2956814169883728, 0.5913628339767456, 1.1827256679534912, 2.3654513359069824, 4.730902671813965, 0.0030517561826854944, 0.006103512365370989, 0.012207024730741978, 0.024414049461483955, 0.04882809892296791, 0.09765619784593582, 0.19531239569187164, 0.3906247913837433, 0.0030517589766532183, 0.0061035179533064365, 0.012207035906612873, 0.024414071813225746, 0.04882814362645149, 0.09765628725290298, 0.19531257450580597, 0.39062514901161194, 0.0369601771235466, 0.0739203542470932, 0.1478407084941864, 0.2956814169883728, 0.5913628339767456, 1.1827256679534912, 2.3654513359069824, 4.730902671813965, 0.0030517589766532183, 0.0061035179533064365, 0.012207035906612873, 0.024414071813225746, 0.04882814362645149, 0.09765628725290298, 0.19531257450580597, 0.39062514901161194, 0.0030517578125, 0.006103515625, 0.01220703125, 0.0244140625, 0.048828125, 0.09765625, 0.1953125, 0.390625, 0.0030517573468387127, 0.006103514693677425, 0.01220702938735485, 0.0244140587747097, 0.0488281175494194, 0.0976562350988388, 0.1953124701976776, 0.3906249403953552, 0.0030517589766532183, 0.0061035179533064365, 0.012207035906612873, 0.024414071813225746, 0.04882814362645149, 0.09765628725290298, 0.19531257450580597, 0.39062514901161194, 0.01017252542078495, 0.0203450508415699, 0.0406901016831398, 0.0813802033662796, 0.1627604067325592, 0.3255208134651184, 0.6510416269302368, 1.3020832538604736, 0.0, 0.0, 0.0, 0.0, 0.0, 0.0, 0.0, 0.0, 0.0, 0.0, 0.0, 0.0, 0.0, 0.0, 0.0, 0.0], [0.0739203542470932, 0.1478407084941864, 0.2956814169883728, -6.3208909034729, 1.1827256679534912, 2.3654513359069824, 4.730902671813965, 9.46180534362793, 0.0739203542470932, 0.1478407084941864, 0.2956814169883728, 0.5913628339767456, 1.1827256679534912, 2.3654513359069824, 4.730902671813965, 9.46180534362793, 0.006103516556322575, 0.01220703311264515, 0.0244140662252903, 0.0488281324505806, 0.0976562649011612, 0.1953125298023224, 0.3906250596046448, 0.7812501192092896, 0.0739203542470932, 0.1478407084941864, 0.2956814169883728, 0.5913628339767456, 1.1827256679534912, 2.3654513359069824, 4.730902671813965, 9.46180534362793, 0.006103512365370989, 0.012207024730741978, 0.024414049461483955, 0.04882809892296791, 0.09765619784593582, 0.19531239569187164, 0.3906247913837433, 0.7812495827674866, 0.0061035179533064365, 0.012207035906612873, 0.024414071813225746, 0.04882814362645149, 0.09765628725290298, 0.19531257450580597, 0.39062514901161194, 0.7812502980232239, 0.0739203542470932, 0.1478407084941864, 0.2956814169883728, 0.5913628339767456, 1.1827256679534912, 2.3654513359069824, 4.730902671813965, 9.46180534362793, 0.0061035179533064365, 0.012207035906612873, 0.024414071813225746, 0.04882814362645149, 0.09765628725290298, 0.19531257450580597, 0.39062514901161194, 0.7812502980232239, 0.006103515625, 0.01220703125, 0.0244140625, 0.048828125, 0.09765625, 0.1953125, 0.390625, 0.78125, 0.006103514693677425, 0.01220702938735485, 0.0244140587747097, 0.0488281175494194, 0.0976562350988388, 0.1953124701976776, 0.3906249403953552, 0.7812498807907104, 0.0061035179533064365, 0.012207035906612873, 0.024414071813225746, 0.04882814362645149, 0.09765628725290298, 0.19531257450580597, 0.39062514901161194, 0.7812502980232239, 0.0203450508415699, 0.0406901016831398, 0.0813802033662796, 0.1627604067325592, 0.3255208134651184, 0.6510416269302368, 1.3020832538604736, 2.6041665077209473, 0.0, 0.0, 0.0, 0.0, 0.0, 0.0, 0.0, 0.0, 0.0, 0.0, 0.0, 0.0, 0.0, 0.0, 0.0, 0.0], [0.1478407084941864, 0.2956814169883728, 0.5913628339767456, 1.1827256679534912, -11.459056854248047, 4.730902671813965, 9.46180534362793, 18.92361068725586, 0.1478407084941864, 0.2956814169883728, 0.5913628339767456, 1.1827256679534912, 2.3654513359069824, 4.730902671813965, 9.46180534362793, 18.92361068725586, 0.01220703311264515, 0.0244140662252903, 0.0488281324505806, 0.0976562649011612, 0.1953125298023224, 0.3906250596046448, 0.7812501192092896, 1.562500238418579, 0.1478407084941864, 0.2956814169883728, 0.5913628339767456, 1.1827256679534912, 2.3654513359069824, 4.730902671813965, 9.46180534362793, 18.92361068725586, 0.012207024730741978, 0.024414049461483955, 0.04882809892296791, 0.09765619784593582, 0.19531239569187164, 0.3906247913837433, 0.7812495827674866, 1.5624991655349731, 0.012207035906612873, 0.024414071813225746, 0.04882814362645149, 0.09765628725290298, 0.19531257450580597, 0.39062514901161194, 0.7812502980232239, 1.5625005960464478, 0.1478407084941864, 0.2956814169883728, 0.5913628339767456, 1.1827256679534912, 2.3654513359069824, 4.730902671813965, 9.46180534362793, 18.92361068725586, 0.012207035906612873, 0.024414071813225746, 0.04882814362645149, 0.09765628725290298, 0.19531257450580597, 0.39062514901161194, 0.7812502980232239, 1.5625005960464478, 0.01220703125, 0.0244140625, 0.048828125, 0.09765625, 0.1953125, 0.390625, 0.78125, 1.5625, 0.01220702938735485, 0.0244140587747097, 0.0488281175494194, 0.0976562350988388, 0.1953124701976776, 0.3906249403953552, 0.7812498807907104, 1.562499761581421, 0.012207035906612873, 0.024414071813225746, 0.04882814362645149, 0.09765628725290298, 0.19531257450580597, 0.39062514901161194, 0.7812502980232239, 1.5625005960464478, 0.0406901016831398, 0.0813802033662796, 0.1627604067325592, 0.3255208134651184, 0.6510416269302368, 1.3020832538604736, 2.6041665077209473, 5.2083330154418945, 0.0, 0.0, 0.0, 0.0, 0.0, 0.0, 0.0, 0.0, 0.0, 0.0, 0.0, 0.0, 0.0, 0.0, 0.0, 0.0], [0.2956814169883728, 0.5913628339767456, 1.1827256679534912, 2.3654513359069824, 4.730902671813965, -18.187210083007812, 18.92361068725586, 37.84722137451172, 0.2956814169883728, 0.5913628339767456, 1.1827256679534912, 2.3654513359069824, 4.730902671813965, 9.46180534362793, 18.92361068725586, 37.84722137451172, 0.0244140662252903, 0.0488281324505806, 0.0976562649011612, 0.1953125298023224, 0.3906250596046448, 0.7812501192092896, 1.562500238418579, 3.125000476837158, 0.2956814169883728, 0.5913628339767456, 1.1827256679534912, 2.3654513359069824, 4.730902671813965, 9.46180534362793, 18.92361068725586, 37.84722137451172, 0.024414049461483955, 0.04882809892296791, 0.09765619784593582, 0.19531239569187164, 0.3906247913837433, 0.7812495827674866, 1.5624991655349731, 3.1249983310699463, 0.024414071813225746, 0.04882814362645149, 0.09765628725290298, 0.19531257450580597, 0.39062514901161194, 0.7812502980232239, 1.5625005960464478, 3.1250011920928955, 0.2956814169883728, 0.5913628339767456, 1.1827256679534912, 2.3654513359069824, 4.730902671813965, 9.46180534362793, 18.92361068725586, 37.84722137451172, 0.024414071813225746, 0.04882814362645149, 0.09765628725290298, 0.19531257450580597, 0.39062514901161194, 0.7812502980232239, 1.5625005960464478, 3.1250011920928955, 0.0244140625, 0.048828125, 0.09765625, 0.1953125, 0.390625, 0.78125, 1.5625, 3.125, 0.0244140587747097, 0.0488281175494194, 0.0976562350988388, 0.1953124701976776, 0.3906249403953552, 0.7812498807907104, 1.562499761581421, 3.124999523162842, 0.024414071813225746, 0.04882814362645149, 0.09765628725290298, 0.19531257450580597, 0.39062514901161194, 0.7812502980232239, 1.5625005960464478, 3.1250011920928955, 0.0813802033662796, 0.1627604067325592, 0.3255208134651184, 0.6510416269302368, 1.3020832538604736, 2.6041665077209473, 5.2083330154418945, 10.416666030883789, 0.0, 0.0, 0.0, 0.0, 0.0, 0.0, 0.0, 0.0, 0.0, 0.0, 0.0, 0.0, 0.0, 0.0, 0.0, 0.0], [0.5913628339767456, 1.1827256679534912, 2.3654513359069824, 4.730902671813965, 9.46180534362793, 18.92361068725586, -17.450807571411133, 75.69444274902344, 0.5913628339767456, 1.1827256679534912, 2.3654513359069824, 4.730902671813965, 9.46180534362793, 18.92361068725586, 37.84722137451172, 75.69444274902344, 0.0488281324505806, 0.0976562649011612, 0.1953125298023224, 0.3906250596046448, 0.7812501192092896, 1.562500238418579, 3.125000476837158, 6.250000953674316, 0.5913628339767456, 1.1827256679534912, 2.3654513359069824, 4.730902671813965, 9.46180534362793, 18.92361068725586, 37.84722137451172, 75.69444274902344, 0.04882809892296791, 0.09765619784593582, 0.19531239569187164, 0.3906247913837433, 0.7812495827674866, 1.5624991655349731, 3.1249983310699463, 6.249996662139893, 0.04882814362645149, 0.09765628725290298, 0.19531257450580597, 0.39062514901161194, 0.7812502980232239, 1.5625005960464478, 3.1250011920928955, 6.250002384185791, 0.5913628339767456, 1.1827256679534912, 2.3654513359069824, 4.730902671813965, 9.46180534362793, 18.92361068725586, 37.84722137451172, 75.69444274902344, 0.04882814362645149, 0.09765628725290298, 0.19531257450580597, 0.39062514901161194, 0.7812502980232239, 1.5625005960464478, 3.1250011920928955, 6.250002384185791, 0.048828125, 0.09765625, 0.1953125, 0.390625, 0.78125, 1.5625, 3.125, 6.25, 0.0488281175494194, 0.0976562350988388, 0.1953124701976776, 0.3906249403953552, 0.7812498807907104, 1.562499761581421, 3.124999523162842, 6.249999046325684, 0.04882814362645149, 0.09765628725290298, 0.19531257450580597, 0.39062514901161194, 0.7812502980232239, 1.5625005960464478, 3.1250011920928955, 6.250002384185791, 0.1627604067325592, 0.3255208134651184, 0.6510416269302368, 1.3020832538604736, 2.6041665077209473, 5.2083330154418945, 10.416666030883789, 20.833332061767578, 0.0, 0.0, 0.0, 0.0, 0.0, 0.0, 0.0, 0.0, 0.0, 0.0, 0.0, 0.0, 0.0, 0.0, 0.0, 0.0], [1.1827256679534912, 2.3654513359069824, 4.730902671813965, 9.46180534362793, 18.92361068725586, 37.84722137451172, 75.69444274902344, 40.79283142089844, 1.1827256679534912, 2.3654513359069824, 4.730902671813965, 9.46180534362793, 18.92361068725586, 37.84722137451172, 75.69444274902344, 151.38888549804688, 0.0976562649011612, 0.1953125298023224, 0.3906250596046448, 0.7812501192092896, 1.562500238418579, 3.125000476837158, 6.250000953674316, 12.500001907348633, 1.1827256679534912, 2.3654513359069824, 4.730902671813965, 9.46180534362793, 18.92361068725586, 37.84722137451172, 75.69444274902344, 151.38888549804688, 0.09765619784593582, 0.19531239569187164, 0.3906247913837433, 0.7812495827674866, 1.5624991655349731, 3.1249983310699463, 6.249996662139893, 12.499993324279785, 0.09765628725290298, 0.19531257450580597, 0.39062514901161194, 0.7812502980232239, 1.5625005960464478, 3.1250011920928955, 6.250002384185791, 12.500004768371582, 1.1827256679534912, 2.3654513359069824, 4.730902671813965, 9.46180534362793, 18.92361068725586, 37.84722137451172, 75.69444274902344, 151.38888549804688, 0.09765628725290298, 0.19531257450580597, 0.39062514901161194, 0.7812502980232239, 1.5625005960464478, 3.1250011920928955, 6.250002384185791, 12.500004768371582, 0.09765625, 0.1953125, 0.390625, 0.78125, 1.5625, 3.125, 6.25, 12.5, 0.0976562350988388, 0.1953124701976776, 0.3906249403953552, 0.7812498807907104, 1.562499761581421, 3.124999523162842, 6.249999046325684, 12.499998092651367, 0.09765628725290298, 0.19531257450580597, 0.39062514901161194, 0.7812502980232239, 1.5625005960464478, 3.1250011920928955, 6.250002384185791, 12.500004768371582, 0.3255208134651184, 0.6510416269302368, 1.3020832538604736, 2.6041665077209473, 5.2083330154418945, 10.416666030883789, 20.833332061767578, 41.666664123535156, 0.0, 0.0, 0.0, 0.0, 0.0, 0.0, 0.0, 0.0, 0.0, 0.0, 0.0, 0.0, 0.0, 0.0, 0.0, 0.0], [0.00924004428088665, 0.0184800885617733, 0.0369601771235466, 0.0739203542470932, 0.1478407084941864, 0.2956814169883728, 0.5913628339767456, 1.1827256679534912, -0.8548033833503723, 0.018480103462934494, 0.03696020692586899, 0.07392041385173798, 0.14784082770347595, 0.2956816554069519, 0.5913633108139038, 1.1827266216278076, 0.0007629378233104944, 0.0015258756466209888, 0.0030517512932419777, 0.006103502586483955, 0.01220700517296791, 0.02441401034593582, 0.04882802069187164, 0.09765604138374329, 0.0092400461435318, 0.0184800922870636, 0.0369601845741272, 0.0739203691482544, 0.1478407382965088, 0.2956814765930176, 0.5913629531860352, 1.1827259063720703, 0.0007629481260664761, 0.0015258962521329522, 0.0030517925042659044, 0.006103585008531809, 0.012207170017063618, 0.024414340034127235, 0.04882868006825447, 0.09765736013650894, 0.0007629352039657533, 0.0015258704079315066, 0.0030517408158630133, 0.0061034816317260265, 0.012206963263452053, 0.024413926526904106, 0.04882785305380821, 0.09765570610761642, 0.009240043349564075, 0.01848008669912815, 0.0369601733982563, 0.0739203467965126, 0.1478406935930252, 0.2956813871860504, 0.5913627743721008, 1.1827255487442017, 0.0007629335159435868, 0.0015258670318871737, 0.0030517340637743473, 0.006103468127548695, 0.01220693625509739, 0.02441387251019478, 0.04882774502038956, 0.09765549004077911, 0.0007629403844475746, 0.0015258807688951492, 0.0030517615377902985, 0.006103523075580597, 0.012207046151161194, 0.024414092302322388, 0.048828184604644775, 0.09765636920928955, 0.0007629444589838386, 0.0015258889179676771, 0.0030517778359353542, 0.0061035556718707085, 0.012207111343741417, 0.024414222687482834, 0.04882844537496567, 0.09765689074993134, 0.0007629352039657533, 0.0015258704079315066, 0.0030517408158630133, 0.0061034816317260265, 0.012206963263452053, 0.024413926526904106, 0.04882785305380821, 0.09765570610761642, 0.0025431313551962376, 0.005086262710392475, 0.01017252542078495, 0.0203450508415699, 0.0406901016831398, 0.0813802033662796, 0.1627604067325592, 0.3255208134651184, 0.0, 0.0, 0.0, 0.0, 0.0, 0.0, 0.0, 0.0, 0.0, 0.0, 0.0, 0.0, 0.0, 0.0, 0.0, 0.0], [0.0184800885617733, 0.0369601771235466, 0.0739203542470932, 0.1478407084941864, 0.2956814169883728, 0.5913628339767456, 1.1827256679534912, 2.3654513359069824, 0.018480103462934494, -1.6911267042160034, 0.07392041385173798, 0.14784082770347595, 0.2956816554069519, 0.5913633108139038, 1.1827266216278076, 2.3654532432556152, 0.0015258756466209888, 0.0030517512932419777, 0.006103502586483955, 0.01220700517296791, 0.02441401034593582, 0.04882802069187164, 0.09765604138374329, 0.19531208276748657, 0.0184800922870636, 0.0369601845741272, 0.0739203691482544, 0.1478407382965088, 0.2956814765930176, 0.5913629531860352, 1.1827259063720703, 2.3654518127441406, 0.0015258962521329522, 0.0030517925042659044, 0.006103585008531809, 0.012207170017063618, 0.024414340034127235, 0.04882868006825447, 0.09765736013650894, 0.19531472027301788, 0.0015258704079315066, 0.0030517408158630133, 0.0061034816317260265, 0.012206963263452053, 0.024413926526904106, 0.04882785305380821, 0.09765570610761642, 0.19531141221523285, 0.01848008669912815, 0.0369601733982563, 0.0739203467965126, 0.1478406935930252, 0.2956813871860504, 0.5913627743721008, 1.1827255487442017, 2.3654510974884033, 0.0015258670318871737, 0.0030517340637743473, 0.006103468127548695, 0.01220693625509739, 0.02441387251019478, 0.04882774502038956, 0.09765549004077911, 0.19531098008155823, 0.0015258807688951492, 0.0030517615377902985, 0.006103523075580597, 0.012207046151161194, 0.024414092302322388, 0.048828184604644775, 0.09765636920928955, 0.1953127384185791, 0.0015258889179676771, 0.0030517778359353542, 0.0061035556718707085, 0.012207111343741417, 0.024414222687482834, 0.04882844537496567, 0.09765689074993134, 0.19531378149986267, 0.0015258704079315066, 0.0030517408158630133, 0.0061034816317260265, 0.012206963263452053, 0.024413926526904106, 0.04882785305380821, 0.09765570610761642, 0.19531141221523285, 0.005086262710392475, 0.01017252542078495, 0.0203450508415699, 0.0406901016831398, 0.0813802033662796, 0.1627604067325592, 0.3255208134651184, 0.6510416269302368, 0.0, 0.0, 0.0, 0.0, 0.0, 0.0, 0.0, 0.0, 0.0, 0.0, 0.0, 0.0, 0.0, 0.0, 0.0, 0.0], [0.0369601771235466, 0.0739203542470932, 0.1478407084941864, 0.2956814169883728, 0.5913628339767456, 1.1827256679534912, 2.3654513359069824, 4.730902671813965, 0.03696020692586899, 0.07392041385173798, -3.308332920074463, 0.2956816554069519, 0.5913633108139038, 1.1827266216278076, 2.3654532432556152, 4.7309064865112305, 0.0030517512932419777, 0.006103502586483955, 0.01220700517296791, 0.02441401034593582, 0.04882802069187164, 0.09765604138374329, 0.19531208276748657, 0.39062416553497314, 0.0369601845741272, 0.0739203691482544, 0.1478407382965088, 0.2956814765930176, 0.5913629531860352, 1.1827259063720703, 2.3654518127441406, 4.730903625488281, 0.0030517925042659044, 0.006103585008531809, 0.012207170017063618, 0.024414340034127235, 0.04882868006825447, 0.09765736013650894, 0.19531472027301788, 0.39062944054603577, 0.0030517408158630133, 0.0061034816317260265, 0.012206963263452053, 0.024413926526904106, 0.04882785305380821, 0.09765570610761642, 0.19531141221523285, 0.3906228244304657, 0.0369601733982563, 0.0739203467965126, 0.1478406935930252, 0.2956813871860504, 0.5913627743721008, 1.1827255487442017, 2.3654510974884033, 4.730902194976807, 0.0030517340637743473, 0.006103468127548695, 0.01220693625509739, 0.02441387251019478, 0.04882774502038956, 0.09765549004077911, 0.19531098008155823, 0.39062196016311646, 0.0030517615377902985, 0.006103523075580597, 0.012207046151161194, 0.024414092302322388, 0.048828184604644775, 0.09765636920928955, 0.1953127384185791, 0.3906254768371582, 0.0030517778359353542, 0.0061035556718707085, 0.012207111343741417, 0.024414222687482834, 0.04882844537496567, 0.09765689074993134, 0.19531378149986267, 0.39062756299972534, 0.0030517408158630133, 0.0061034816317260265, 0.012206963263452053, 0.024413926526904106, 0.04882785305380821, 0.09765570610761642, 0.19531141221523285, 0.3906228244304657, 0.01017252542078495, 0.0203450508415699, 0.0406901016831398, 0.0813802033662796, 0.1627604067325592, 0.3255208134651184, 0.6510416269302368, 1.3020832538604736, 0.0, 0.0, 0.0, 0.0, 0.0, 0.0, 0.0, 0.0, 0.0, 0.0, 0.0, 0.0, 0.0, 0.0, 0.0, 0.0], [0.0739203542470932, 0.1478407084941864, 0.2956814169883728, 0.5913628339767456, 1.1827256679534912, 2.3654513359069824, 4.730902671813965, 9.46180534362793, 0.07392041385173798, 0.14784082770347595, 0.2956816554069519, -6.32098388671875, 1.1827266216278076, 2.3654532432556152, 4.7309064865112305, 9.461812973022461, 0.006103502586483955, 0.01220700517296791, 0.02441401034593582, 0.04882802069187164, 0.09765604138374329, 0.19531208276748657, 0.39062416553497314, 0.7812483310699463, 0.0739203691482544, 0.1478407382965088, 0.2956814765930176, 0.5913629531860352, 1.1827259063720703, 2.3654518127441406, 4.730903625488281, 9.461807250976562, 0.006103585008531809, 0.012207170017063618, 0.024414340034127235, 0.04882868006825447, 0.09765736013650894, 0.19531472027301788, 0.39062944054603577, 0.7812588810920715, 0.0061034816317260265, 0.012206963263452053, 0.024413926526904106, 0.04882785305380821, 0.09765570610761642, 0.19531141221523285, 0.3906228244304657, 0.7812456488609314, 0.0739203467965126, 0.1478406935930252, 0.2956813871860504, 0.5913627743721008, 1.1827255487442017, 2.3654510974884033, 4.730902194976807, 9.461804389953613, 0.006103468127548695, 0.01220693625509739, 0.02441387251019478, 0.04882774502038956, 0.09765549004077911, 0.19531098008155823, 0.39062196016311646, 0.7812439203262329, 0.006103523075580597, 0.012207046151161194, 0.024414092302322388, 0.048828184604644775, 0.09765636920928955, 0.1953127384185791, 0.3906254768371582, 0.7812509536743164, 0.0061035556718707085, 0.012207111343741417, 0.024414222687482834, 0.04882844537496567, 0.09765689074993134, 0.19531378149986267, 0.39062756299972534, 0.7812551259994507, 0.0061034816317260265, 0.012206963263452053, 0.024413926526904106, 0.04882785305380821, 0.09765570610761642, 0.19531141221523285, 0.3906228244304657, 0.7812456488609314, 0.0203450508415699, 0.0406901016831398, 0.0813802033662796, 0.1627604067325592, 0.3255208134651184, 0.6510416269302368, 1.3020832538604736, 2.6041665077209473, 0.0, 0.0, 0.0, 0.0, 0.0, 0.0, 0.0, 0.0, 0.0, 0.0, 0.0, 0.0, 0.0, 0.0, 0.0, 0.0], [0.1478407084941864, 0.2956814169883728, 0.5913628339767456, 1.1827256679534912, 2.3654513359069824, 4.730902671813965, 9.46180534362793, 18.92361068725586, 0.14784082770347595, 0.2956816554069519, 0.5913633108139038, 1.1827266216278076, -11.45924186706543, 4.7309064865112305, 9.461812973022461, 18.923625946044922, 0.01220700517296791, 0.02441401034593582, 0.04882802069187164, 0.09765604138374329, 0.19531208276748657, 0.39062416553497314, 0.7812483310699463, 1.5624966621398926, 0.1478407382965088, 0.2956814765930176, 0.5913629531860352, 1.1827259063720703, 2.3654518127441406, 4.730903625488281, 9.461807250976562, 18.923614501953125, 0.012207170017063618, 0.024414340034127235, 0.04882868006825447, 0.09765736013650894, 0.19531472027301788, 0.39062944054603577, 0.7812588810920715, 1.562517762184143, 0.012206963263452053, 0.024413926526904106, 0.04882785305380821, 0.09765570610761642, 0.19531141221523285, 0.3906228244304657, 0.7812456488609314, 1.5624912977218628, 0.1478406935930252, 0.2956813871860504, 0.5913627743721008, 1.1827255487442017, 2.3654510974884033, 4.730902194976807, 9.461804389953613, 18.923608779907227, 0.01220693625509739, 0.02441387251019478, 0.04882774502038956, 0.09765549004077911, 0.19531098008155823, 0.39062196016311646, 0.7812439203262329, 1.5624878406524658, 0.012207046151161194, 0.024414092302322388, 0.048828184604644775, 0.09765636920928955, 0.1953127384185791, 0.3906254768371582, 0.7812509536743164, 1.5625019073486328, 0.012207111343741417, 0.024414222687482834, 0.04882844537496567, 0.09765689074993134, 0.19531378149986267, 0.39062756299972534, 0.7812551259994507, 1.5625102519989014, 0.012206963263452053, 0.024413926526904106, 0.04882785305380821, 0.09765570610761642, 0.19531141221523285, 0.3906228244304657, 0.7812456488609314, 1.5624912977218628, 0.0406901016831398, 0.0813802033662796, 0.1627604067325592, 0.3255208134651184, 0.6510416269302368, 1.3020832538604736, 2.6041665077209473, 5.2083330154418945, 0.0, 0.0, 0.0, 0.0, 0.0, 0.0, 0.0, 0.0, 0.0, 0.0, 0.0, 0.0, 0.0, 0.0, 0.0, 0.0], [0.2956814169883728, 0.5913628339767456, 1.1827256679534912, 2.3654513359069824, 4.730902671813965, 9.46180534362793, 18.92361068725586, 37.84722137451172, 0.2956816554069519, 0.5913633108139038, 1.1827266216278076, 2.3654532432556152, 4.7309064865112305, -18.187576293945312, 18.923625946044922, 37.847251892089844, 0.02441401034593582, 0.04882802069187164, 0.09765604138374329, 0.19531208276748657, 0.39062416553497314, 0.7812483310699463, 1.5624966621398926, 3.124993324279785, 0.2956814765930176, 0.5913629531860352, 1.1827259063720703, 2.3654518127441406, 4.730903625488281, 9.461807250976562, 18.923614501953125, 37.84722900390625, 0.024414340034127235, 0.04882868006825447, 0.09765736013650894, 0.19531472027301788, 0.39062944054603577, 0.7812588810920715, 1.562517762184143, 3.125035524368286, 0.024413926526904106, 0.04882785305380821, 0.09765570610761642, 0.19531141221523285, 0.3906228244304657, 0.7812456488609314, 1.5624912977218628, 3.1249825954437256, 0.2956813871860504, 0.5913627743721008, 1.1827255487442017, 2.3654510974884033, 4.730902194976807, 9.461804389953613, 18.923608779907227, 37.84721755981445, 0.02441387251019478, 0.04882774502038956, 0.09765549004077911, 0.19531098008155823, 0.39062196016311646, 0.7812439203262329, 1.5624878406524658, 3.1249756813049316, 0.024414092302322388, 0.048828184604644775, 0.09765636920928955, 0.1953127384185791, 0.3906254768371582, 0.7812509536743164, 1.5625019073486328, 3.1250038146972656, 0.024414222687482834, 0.04882844537496567, 0.09765689074993134, 0.19531378149986267, 0.39062756299972534, 0.7812551259994507, 1.5625102519989014, 3.1250205039978027, 0.024413926526904106, 0.04882785305380821, 0.09765570610761642, 0.19531141221523285, 0.3906228244304657, 0.7812456488609314, 1.5624912977218628, 3.1249825954437256, 0.0813802033662796, 0.1627604067325592, 0.3255208134651184, 0.6510416269302368, 1.3020832538604736, 2.6041665077209473, 5.2083330154418945, 10.416666030883789, 0.0, 0.0, 0.0, 0.0, 0.0, 0.0, 0.0, 0.0, 0.0, 0.0, 0.0, 0.0, 0.0, 0.0, 0.0, 0.0], [0.5913628339767456, 1.1827256679534912, 2.3654513359069824, 4.730902671813965, 9.46180534362793, 18.92361068725586, 37.84722137451172, 75.69444274902344, 0.5913633108139038, 1.1827266216278076, 2.3654532432556152, 4.7309064865112305, 9.461812973022461, 18.923625946044922, -17.451528549194336, 75.69450378417969, 0.04882802069187164, 0.09765604138374329, 0.19531208276748657, 0.39062416553497314, 0.7812483310699463, 1.5624966621398926, 3.124993324279785, 6.24998664855957, 0.5913629531860352, 1.1827259063720703, 2.3654518127441406, 4.730903625488281, 9.461807250976562, 18.923614501953125, 37.84722900390625, 75.6944580078125, 0.04882868006825447, 0.09765736013650894, 0.19531472027301788, 0.39062944054603577, 0.7812588810920715, 1.562517762184143, 3.125035524368286, 6.250071048736572, 0.04882785305380821, 0.09765570610761642, 0.19531141221523285, 0.3906228244304657, 0.7812456488609314, 1.5624912977218628, 3.1249825954437256, 6.249965190887451, 0.5913627743721008, 1.1827255487442017, 2.3654510974884033, 4.730902194976807, 9.461804389953613, 18.923608779907227, 37.84721755981445, 75.6944351196289, 0.04882774502038956, 0.09765549004077911, 0.19531098008155823, 0.39062196016311646, 0.7812439203262329, 1.5624878406524658, 3.1249756813049316, 6.249951362609863, 0.048828184604644775, 0.09765636920928955, 0.1953127384185791, 0.3906254768371582, 0.7812509536743164, 1.5625019073486328, 3.1250038146972656, 6.250007629394531, 0.04882844537496567, 0.09765689074993134, 0.19531378149986267, 0.39062756299972534, 0.7812551259994507, 1.5625102519989014, 3.1250205039978027, 6.2500410079956055, 0.04882785305380821, 0.09765570610761642, 0.19531141221523285, 0.3906228244304657, 0.7812456488609314, 1.5624912977218628, 3.1249825954437256, 6.249965190887451, 0.1627604067325592, 0.3255208134651184, 0.6510416269302368, 1.3020832538604736, 2.6041665077209473, 5.2083330154418945, 10.416666030883789, 20.833332061767578, 0.0, 0.0, 0.0, 0.0, 0.0, 0.0, 0.0, 0.0, 0.0, 0.0, 0.0, 0.0, 0.0, 0.0, 0.0, 0.0], [1.1827256679534912, 2.3654513359069824, 4.730902671813965, 9.46180534362793, 18.92361068725586, 37.84722137451172, 75.69444274902344, 151.38888549804688, 1.1827266216278076, 2.3654532432556152, 4.7309064865112305, 9.461812973022461, 18.923625946044922, 37.847251892089844, 75.69450378417969, 40.79145050048828, 0.09765604138374329, 0.19531208276748657, 0.39062416553497314, 0.7812483310699463, 1.5624966621398926, 3.124993324279785, 6.24998664855957, 12.49997329711914, 1.1827259063720703, 2.3654518127441406, 4.730903625488281, 9.461807250976562, 18.923614501953125, 37.84722900390625, 75.6944580078125, 151.388916015625, 0.09765736013650894, 0.19531472027301788, 0.39062944054603577, 0.7812588810920715, 1.562517762184143, 3.125035524368286, 6.250071048736572, 12.500142097473145, 0.09765570610761642, 0.19531141221523285, 0.3906228244304657, 0.7812456488609314, 1.5624912977218628, 3.1249825954437256, 6.249965190887451, 12.499930381774902, 1.1827255487442017, 2.3654510974884033, 4.730902194976807, 9.461804389953613, 18.923608779907227, 37.84721755981445, 75.6944351196289, 151.3888702392578, 0.09765549004077911, 0.19531098008155823, 0.39062196016311646, 0.7812439203262329, 1.5624878406524658, 3.1249756813049316, 6.249951362609863, 12.499902725219727, 0.09765636920928955, 0.1953127384185791, 0.3906254768371582, 0.7812509536743164, 1.5625019073486328, 3.1250038146972656, 6.250007629394531, 12.500015258789062, 0.09765689074993134, 0.19531378149986267, 0.39062756299972534, 0.7812551259994507, 1.5625102519989014, 3.1250205039978027, 6.2500410079956055, 12.500082015991211, 0.09765570610761642, 0.19531141221523285, 0.3906228244304657, 0.7812456488609314, 1.5624912977218628, 3.1249825954437256, 6.249965190887451, 12.499930381774902, 0.3255208134651184, 0.6510416269302368, 1.3020832538604736, 2.6041665077209473, 5.2083330154418945, 10.416666030883789, 20.833332061767578, 41.666664123535156, 0.0, 0.0, 0.0, 0.0, 0.0, 0.0, 0.0, 0.0, 0.0, 0.0, 0.0, 0.0, 0.0, 0.0, 0.0, 0.0], [0.0007629395695403218, 0.0015258791390806437, 0.0030517582781612873, 0.006103516556322575, 0.01220703311264515, 0.0244140662252903, 0.0488281324505806, 0.0976562649011612, 0.0007629378233104944, 0.0015258756466209888, 0.0030517512932419777, 0.006103502586483955, 0.01220700517296791, 0.02441401034593582, 0.04882802069187164, 0.09765604138374329, -0.38983863592147827, 0.001525880885310471, 0.003051761770620942, 0.006103523541241884, 0.012207047082483768, 0.024414094164967537, 0.048828188329935074, 0.09765637665987015, 0.0007629389874637127, 0.0015258779749274254, 0.0030517559498548508, 0.0061035118997097015, 0.012207023799419403, 0.024414047598838806, 0.04882809519767761, 0.09765619039535522, 0.0007629378233104944, 0.0015258756466209888, 0.0030517512932419777, 0.006103502586483955, 0.01220700517296791, 0.02441401034593582, 0.04882802069187164, 0.09765604138374329, 0.000762942130677402, 0.001525884261354804, 0.003051768522709608, 0.006103537045419216, 0.012207074090838432, 0.024414148181676865, 0.04882829636335373, 0.09765659272670746, 0.0007629398605786264, 0.0015258797211572528, 0.0030517594423145056, 0.006103518884629011, 0.012207037769258022, 0.024414075538516045, 0.04882815107703209, 0.09765630215406418, 0.000762943469453603, 0.001525886938907206, 0.003051773877814412, 0.006103547755628824, 0.012207095511257648, 0.024414191022515297, 0.048828382045030594, 0.09765676409006119, 0.0007629392785020173, 0.0015258785570040345, 0.003051757114008069, 0.006103514228016138, 0.012207028456032276, 0.024414056912064552, 0.048828113824129105, 0.09765622764825821, 0.0007629383471794426, 0.0015258766943588853, 0.0030517533887177706, 0.006103506777435541, 0.012207013554871082, 0.024414027109742165, 0.04882805421948433, 0.09765610843896866, 0.0007629421888850629, 0.0015258843777701259, 0.0030517687555402517, 0.0061035375110805035, 0.012207075022161007, 0.024414150044322014, 0.04882830008864403, 0.09765660017728806, 0.0, 0.0, 0.0, 0.0, 0.0, 0.0, 0.0, 0.0, 0.0, 0.0, 0.0, 0.0, 0.0, 0.0, 0.0, 0.0, 0.0, 0.0, 0.0, 0.0, 0.0, 0.0, 0.0, 0.0], [0.0015258791390806437, 0.0030517582781612873, 0.006103516556322575, 0.01220703311264515, 0.0244140662252903, 0.0488281324505806, 0.0976562649011612, 0.1953125298023224, 0.0015258756466209888, 0.0030517512932419777, 0.006103502586483955, 0.01220700517296791, 0.02441401034593582, 0.04882802069187164, 0.09765604138374329, 0.19531208276748657, 0.001525880885310471, -0.7781513929367065, 0.006103523541241884, 0.012207047082483768, 0.024414094164967537, 0.048828188329935074, 0.09765637665987015, 0.1953127533197403, 0.0015258779749274254, 0.0030517559498548508, 0.0061035118997097015, 0.012207023799419403, 0.024414047598838806, 0.04882809519767761, 0.09765619039535522, 0.19531238079071045, 0.0