{"size": [112, 112], "args": [["A12.csv", "A13.csv", "A14.csv", "A15.csv", "A16.csv", "A17.csv", "A18.csv", "A19.csv", "A20.csv", "A21.csv", "A22.csv"], 0.3, 0.5, 0.5, 0.2, 5, [64, 32, 16], [[100.0, 100.0, 100.0, 100.0], [10.0, 10.0, 10.0, 10.0], [50.0, 50.0, 50.0, 50.0], [200.0, 200.0, 200.0, 200.0]]], "c": [200.0, 200.0, 200.0, 200.0], "tag": "r11-12-13-14-15-16-17-18-19-20-21-0.3-0.5-0.5-0.2-5-200.0-200.0-200.0-200.0-112x112", "data:": {"q": {"x1": [0.0], "x2": [0.0], "x3": [0.0], "x4": [0.0], "x5": [0.0], "x6": [0.0], "x7": [0.125], "x8": [0.0625], "x9": [0.8125], "x10": [0.0], "x11": [0.0]}, "program": "minimize(list(x1,x2,x3,x4,x5,x6,x7,x8,x9,x10,x11),((0.00050280851*x1*x1)+(-0.00019062827545936423*x1*x2)+(-4.031530205846567e-05*x1*x3)+(0.0007700176504322732*x1*x4)+(6.192713992171585e-05*x1*x5)+(0.00048811123386023885*x1*x6)+(-0.00023036235438285524*x1*x7)+(-8.794945473561527e-05*x1*x8)+(0.00017771429542756334*x1*x9)+(-0.00028016271120196974*x1*x10)+(1.8261617634297466e-05*x1*x11)+(-0.00019062827545936423*x2*x1)+(0.0002215961095*x2*x2)+(4.138051815909238e-05*x2*x3)+(-0.00026616938600436315*x2*x4)+(-2.6005447507047694e-05*x2*x5)+(-0.00019009026157816382*x2*x6)+(0.00038132936867621534*x2*x7)+(9.12582481698027e-05*x2*x8)+(-7.144269058242879e-05*x2*x9)+(0.0003274615890845067*x2*x10)+(-6.948233787202782e-06*x2*x11)+(-4.031530205846567e-05*x3*x1)+(4.138051815909238e-05*x3*x2)+(1.033340535e-05*x3*x3)+(-6.673337963305604e-05*x3*x4)+(-3.8409998700419695e-07*x3*x5)+(-3.770919999804347e-05*x3*x6)+(5.0682785566240185e-05*x3*x7)+(2.149816919905578e-05*x3*x8)+(-1.2906774843073148e-05*x3*x9)+(6.069472466996569e-05*x3*x10)+(7.830762370487581e-07*x3*x11)+(0.0007700176504322732*x4*x1)+(-0.00026616938600436315*x4*x2)+(-6.673337963305604e-05*x4*x3)+(0.001219171765*x4*x4)+(7.562576050701523e-05*x4*x5)+(0.0007380159825363063*x4*x6)+(-0.00023041520169260102*x4*x7)+(-0.00014086357313986166*x4*x8)+(0.00026378168779700494*x4*x9)+(-0.00038925522235463056*x4*x10)+(1.9545642861722545e-05*x4*x11)+(6.192713992171585e-05*x5*x1)+(-2.6005447507047694e-05*x5*x2)+(-3.8409998700419695e-07*x5*x3)+(7.562576050701523e-05*x5*x4)+(1.76012048e-05*x5*x5)+(6.476448698375362e-05*x5*x6)+(-7.124303554703252e-05*x5*x7)+(-3.260291775633701e-06*x5*x8)+(2.601586810319568e-05*x5*x9)+(-3.910717150957514e-05*x5*x10)+(6.701513687147297e-06*x5*x11)+(0.00048811123386023885*x6*x1)+(-0.00019009026157816382*x6*x2)+(-3.770919999804347e-05*x6*x3)+(0.0007380159825363063*x6*x4)+(6.476448698375362e-05*x6*x5)+(0.000476109129*x6*x6)+(-0.00025094866257730354*x6*x7)+(-8.340248266012542e-05*x6*x8)+(0.0001745215178258947*x6*x9)+(-0.0002798260167923604*x6*x10)+(1.977381483915984e-05*x6*x11)+(-0.00023036235438285524*x7*x1)+(0.00038132936867621534*x7*x2)+(5.0682785566240185e-05*x7*x3)+(-0.00023041520169260102*x7*x4)+(-7.124303554703252e-05*x7*x5)+(-0.00025094866257730354*x7*x6)+(0.0008289611*x7*x7)+(0.00012168529988102242*x7*x8)+(-0.00010491538277051133*x7*x9)+(0.0005672198584384658*x7*x10)+(-2.540282805646928e-05*x7*x11)+(-8.794945473561527e-05*x8*x1)+(9.12582481698027e-05*x8*x2)+(2.149816919905578e-05*x8*x3)+(-0.00014086357313986166*x8*x4)+(-3.260291775633701e-06*x8*x5)+(-8.340248266012542e-05*x8*x6)+(0.00012168529988102242*x8*x7)+(4.5209583e-05*x8*x8)+(-2.91667702333832e-05*x8*x9)+(0.00013407502626712708*x8*x10)+(6.297422691107892e-07*x8*x11)+(0.00017771429542756334*x9*x1)+(-7.144269058242879e-05*x9*x2)+(-1.2906774843073148e-05*x9*x3)+(0.00026378168779700494*x9*x4)+(2.601586810319568e-05*x9*x5)+(0.0001745215178258947*x9*x6)+(-0.00010491538277051133*x9*x7)+(-2.91667702333832e-05*x9*x8)+(6.45818595e-05*x9*x9)+(-0.00010539697220660459*x9*x10)+(8.274801681695728e-06*x9*x11)+(-0.00028016271120196974*x10*x1)+(0.0003274615890845067*x10*x2)+(6.069472466996569e-05*x10*x3)+(-0.00038925522235463056*x10*x4)+(-3.910717150957514e-05*x10*x5)+(-0.0002798260167923604*x10*x6)+(0.0005672198584384658*x10*x7)+(0.00013407502626712708*x10*x8)+(-0.00010539697220660459*x10*x9)+(0.00048398427750000005*x10*x10)+(-1.0596258285851005e-05*x10*x11)+(1.8261617634297466e-05*x11*x1)+(-6.948233787202782e-06*x11*x2)+(7.830762370487581e-07*x11*x3)+(1.9545642861722545e-05*x11*x4)+(6.701513687147297e-06*x11*x5)+(1.977381483915984e-05*x11*x6)+(-2.540282805646928e-05*x11*x7)+(6.297422691107892e-07*x11*x8)+(8.274801681695728e-06*x11*x9)+(-1.0596258285851005e-05*x11*x10)+(2.6589402100000005e-06*x11*x11)-((-0.01*x1)+(-0.0185*x2)+(-0.0115*x3)+(-0.007*x4)+(-0.0225*x5)+(-0.0115*x6)+(-0.006*x7)+(-0.0115*x8)+(-0.006*x9)+(-0.017*x10)+(-0.02*x11))))\n & label('total', x1+x2+x3+x4+x5+x6+x7+x8+x9+x10+x11==1.0) & \nlabel('eqlimit', (0.0*x1)+(0.0*x2)+(0.0*x3)+(0.0*x4)+(3.3333333333333335*x5)+(0.0*x6)+(0.0*x7)+(3.3333333333333335*x8)+(0.0*x9)+(3.3333333333333335*x10)+(3.3333333333333335*x11)<1.0) & \nlabel('filimit', (2.0*x1)+(2.0*x2)+(0.0*x3)+(0.0*x4)+(0.0*x5)+(2.0*x6)+(0.0*x7)+(0.0*x8)+(0.0*x9)+(0.0*x10)+(0.0*x11)<1.0) & \nlabel('xxxlimit', (0.0*x1)+(0.0*x2)+(2.0*x3)+(2.0*x4)+(0.0*x5)+(0.0*x6)+(2.0*x7)+(0.0*x8)+(0.0*x9)+(0.0*x10)+(0.0*x11)<1.0)", "matrix": [[-3.419401168823242, 0.0739203542470932, 0.1478407084941864, 0.2956814169883728, 0.5913628339767456, 1.1827256679534912, 2.3654513359069824, 4.730902671813965, 0.0369601771235466, 0.0739203542470932, 0.1478407084941864, 0.2956814169883728, 0.5913628339767456, 1.1827256679534912, 2.3654513359069824, 4.730902671813965, 0.0030517580453306437, 0.006103516090661287, 0.012207032181322575, 0.02441406436264515, 0.0488281287252903, 0.0976562574505806, 0.1953125149011612, 0.3906250298023224, 0.0369601771235466, 0.0739203542470932, 0.1478407084941864, 0.2956814169883728, 0.5913628339767456, 1.1827256679534912, 2.3654513359069824, 4.730902671813965, 0.0030517573468387127, 0.006103514693677425, 0.01220702938735485, 0.0244140587747097, 0.0488281175494194, 0.0976562350988388, 0.1953124701976776, 0.3906249403953552, 0.0030517580453306437, 0.006103516090661287, 0.012207032181322575, 0.02441406436264515, 0.0488281287252903, 0.0976562574505806, 0.1953125149011612, 0.3906250298023224, 0.0369601771235466, 0.0739203542470932, 0.1478407084941864, 0.2956814169883728, 0.5913628339767456, 1.1827256679534912, 2.3654513359069824, 4.730902671813965, 0.0030517580453306437, 0.006103516090661287, 0.012207032181322575, 0.02441406436264515, 0.0488281287252903, 0.0976562574505806, 0.1953125149011612, 0.3906250298023224, 0.0030517578125, 0.006103515625, 0.01220703125, 0.0244140625, 0.048828125, 0.09765625, 0.1953125, 0.390625, 0.0030517578125, 0.006103515625, 0.01220703125, 0.0244140625, 0.048828125, 0.09765625, 0.1953125, 0.390625, 0.0030517580453306437, 0.006103516090661287, 0.012207032181322575, 0.02441406436264515, 0.0488281287252903, 0.0976562574505806, 0.1953125149011612, 0.3906250298023224, 0.01017252542078495, 0.0203450508415699, 0.0406901016831398, 0.0813802033662796, 0.1627604067325592, 0.3255208134651184, 0.6510416269302368, 1.3020832538604736, 0.0, 0.0, 0.0, 0.0, 0.0, 0.0, 0.0, 0.0, 0.0, 0.0, 0.0, 0.0, 0.0, 0.0, 0.0, 0.0], [0.0739203542470932, -6.7648820877075195, 0.2956814169883728, 0.5913628339767456, 1.1827256679534912, 2.3654513359069824, 4.730902671813965, 9.46180534362793, 0.0739203542470932, 0.1478407084941864, 0.2956814169883728, 0.5913628339767456, 1.1827256679534912, 2.3654513359069824, 4.730902671813965, 9.46180534362793, 0.006103516090661287, 0.012207032181322575, 0.02441406436264515, 0.0488281287252903, 0.0976562574505806, 0.1953125149011612, 0.3906250298023224, 0.7812500596046448, 0.0739203542470932, 0.1478407084941864, 0.2956814169883728, 0.5913628339767456, 1.1827256679534912, 2.3654513359069824, 4.730902671813965, 9.46180534362793, 0.006103514693677425, 0.01220702938735485, 0.0244140587747097, 0.0488281175494194, 0.0976562350988388, 0.1953124701976776, 0.3906249403953552, 0.7812498807907104, 0.006103516090661287, 0.012207032181322575, 0.02441406436264515, 0.0488281287252903, 0.0976562574505806, 0.1953125149011612, 0.3906250298023224, 0.7812500596046448, 0.0739203542470932, 0.1478407084941864, 0.2956814169883728, 0.5913628339767456, 1.1827256679534912, 2.3654513359069824, 4.730902671813965, 9.46180534362793, 0.006103516090661287, 0.012207032181322575, 0.02441406436264515, 0.0488281287252903, 0.0976562574505806, 0.1953125149011612, 0.3906250298023224, 0.7812500596046448, 0.006103515625, 0.01220703125, 0.0244140625, 0.048828125, 0.09765625, 0.1953125, 0.390625, 0.78125, 0.006103515625, 0.01220703125, 0.0244140625, 0.048828125, 0.09765625, 0.1953125, 0.390625, 0.78125, 0.006103516090661287, 0.012207032181322575, 0.02441406436264515, 0.0488281287252903, 0.0976562574505806, 0.1953125149011612, 0.3906250298023224, 0.7812500596046448, 0.0203450508415699, 0.0406901016831398, 0.0813802033662796, 0.1627604067325592, 0.3255208134651184, 0.6510416269302368, 1.3020832538604736, 2.6041665077209473, 0.0, 0.0, 0.0, 0.0, 0.0, 0.0, 0.0, 0.0, 0.0, 0.0, 0.0, 0.0, 0.0, 0.0, 0.0, 0.0], [0.1478407084941864, 0.2956814169883728, -13.23408317565918, 1.1827256679534912, 2.3654513359069824, 4.730902671813965, 9.46180534362793, 18.92361068725586, 0.1478407084941864, 0.2956814169883728, 0.5913628339767456, 1.1827256679534912, 2.3654513359069824, 4.730902671813965, 9.46180534362793, 18.92361068725586, 0.012207032181322575, 0.02441406436264515, 0.0488281287252903, 0.0976562574505806, 0.1953125149011612, 0.3906250298023224, 0.7812500596046448, 1.5625001192092896, 0.1478407084941864, 0.2956814169883728, 0.5913628339767456, 1.1827256679534912, 2.3654513359069824, 4.730902671813965, 9.46180534362793, 18.92361068725586, 0.01220702938735485, 0.0244140587747097, 0.0488281175494194, 0.0976562350988388, 0.1953124701976776, 0.3906249403953552, 0.7812498807907104, 1.562499761581421, 0.012207032181322575, 0.02441406436264515, 0.0488281287252903, 0.0976562574505806, 0.1953125149011612, 0.3906250298023224, 0.7812500596046448, 1.5625001192092896, 0.1478407084941864, 0.2956814169883728, 0.5913628339767456, 1.1827256679534912, 2.3654513359069824, 4.730902671813965, 9.46180534362793, 18.92361068725586, 0.012207032181322575, 0.02441406436264515, 0.0488281287252903, 0.0976562574505806, 0.1953125149011612, 0.3906250298023224, 0.7812500596046448, 1.5625001192092896, 0.01220703125, 0.0244140625, 0.048828125, 0.09765625, 0.1953125, 0.390625, 0.78125, 1.5625, 0.01220703125, 0.0244140625, 0.048828125, 0.09765625, 0.1953125, 0.390625, 0.78125, 1.5625, 0.012207032181322575, 0.02441406436264515, 0.0488281287252903, 0.0976562574505806, 0.1953125149011612, 0.3906250298023224, 0.7812500596046448, 1.5625001192092896, 0.0406901016831398, 0.0813802033662796, 0.1627604067325592, 0.3255208134651184, 0.6510416269302368, 1.3020832538604736, 2.6041665077209473, 5.2083330154418945, 0.0, 0.0, 0.0, 0.0, 0.0, 0.0, 0.0, 0.0, 0.0, 0.0, 0.0, 0.0, 0.0, 0.0, 0.0, 0.0], [0.2956814169883728, 0.5913628339767456, 1.1827256679534912, -25.285438537597656, 4.730902671813965, 9.46180534362793, 18.92361068725586, 37.84722137451172, 0.2956814169883728, 0.5913628339767456, 1.1827256679534912, 2.3654513359069824, 4.730902671813965, 9.46180534362793, 18.92361068725586, 37.84722137451172, 0.02441406436264515, 0.0488281287252903, 0.0976562574505806, 0.1953125149011612, 0.3906250298023224, 0.7812500596046448, 1.5625001192092896, 3.125000238418579, 0.2956814169883728, 0.5913628339767456, 1.1827256679534912, 2.3654513359069824, 4.730902671813965, 9.46180534362793, 18.92361068725586, 37.84722137451172, 0.0244140587747097, 0.0488281175494194, 0.0976562350988388, 0.1953124701976776, 0.3906249403953552, 0.7812498807907104, 1.562499761581421, 3.124999523162842, 0.02441406436264515, 0.0488281287252903, 0.0976562574505806, 0.1953125149011612, 0.3906250298023224, 0.7812500596046448, 1.5625001192092896, 3.125000238418579, 0.2956814169883728, 0.5913628339767456, 1.1827256679534912, 2.3654513359069824, 4.730902671813965, 9.46180534362793, 18.92361068725586, 37.84722137451172, 0.02441406436264515, 0.0488281287252903, 0.0976562574505806, 0.1953125149011612, 0.3906250298023224, 0.7812500596046448, 1.5625001192092896, 3.125000238418579, 0.0244140625, 0.048828125, 0.09765625, 0.1953125, 0.390625, 0.78125, 1.5625, 3.125, 0.0244140625, 0.048828125, 0.09765625, 0.1953125, 0.390625, 0.78125, 1.5625, 3.125, 0.02441406436264515, 0.0488281287252903, 0.0976562574505806, 0.1953125149011612, 0.3906250298023224, 0.7812500596046448, 1.5625001192092896, 3.125000238418579, 0.0813802033662796, 0.1627604067325592, 0.3255208134651184, 0.6510416269302368, 1.3020832538604736, 2.6041665077209473, 5.2083330154418945, 10.416666030883789, 0.0, 0.0, 0.0, 0.0, 0.0, 0.0, 0.0, 0.0, 0.0, 0.0, 0.0, 0.0, 0.0, 0.0, 0.0, 0.0], [0.5913628339767456, 1.1827256679534912, 2.3654513359069824, 4.730902671813965, -45.83997344970703, 18.92361068725586, 37.84722137451172, 75.69444274902344, 0.5913628339767456, 1.1827256679534912, 2.3654513359069824, 4.730902671813965, 9.46180534362793, 18.92361068725586, 37.84722137451172, 75.69444274902344, 0.0488281287252903, 0.0976562574505806, 0.1953125149011612, 0.3906250298023224, 0.7812500596046448, 1.5625001192092896, 3.125000238418579, 6.250000476837158, 0.5913628339767456, 1.1827256679534912, 2.3654513359069824, 4.730902671813965, 9.46180534362793, 18.92361068725586, 37.84722137451172, 75.69444274902344, 0.0488281175494194, 0.0976562350988388, 0.1953124701976776, 0.3906249403953552, 0.7812498807907104, 1.562499761581421, 3.124999523162842, 6.249999046325684, 0.0488281287252903, 0.0976562574505806, 0.1953125149011612, 0.3906250298023224, 0.7812500596046448, 1.5625001192092896, 3.125000238418579, 6.250000476837158, 0.5913628339767456, 1.1827256679534912, 2.3654513359069824, 4.730902671813965, 9.46180534362793, 18.92361068725586, 37.84722137451172, 75.69444274902344, 0.0488281287252903, 0.0976562574505806, 0.1953125149011612, 0.3906250298023224, 0.7812500596046448, 1.5625001192092896, 3.125000238418579, 6.250000476837158, 0.048828125, 0.09765625, 0.1953125, 0.390625, 0.78125, 1.5625, 3.125, 6.25, 0.048828125, 0.09765625, 0.1953125, 0.390625, 0.78125, 1.5625, 3.125, 6.25, 0.0488281287252903, 0.0976562574505806, 0.1953125149011612, 0.3906250298023224, 0.7812500596046448, 1.5625001192092896, 3.125000238418579, 6.250000476837158, 0.1627604067325592, 0.3255208134651184, 0.6510416269302368, 1.3020832538604736, 2.6041665077209473, 5.2083330154418945, 10.416666030883789, 20.833332061767578, 0.0, 0.0, 0.0, 0.0, 0.0, 0.0, 0.0, 0.0, 0.0, 0.0, 0.0, 0.0, 0.0, 0.0, 0.0, 0.0], [1.1827256679534912, 2.3654513359069824, 4.730902671813965, 9.46180534362793, 18.92361068725586, -72.75634002685547, 75.69444274902344, 151.38888549804688, 1.1827256679534912, 2.3654513359069824, 4.730902671813965, 9.46180534362793, 18.92361068725586, 37.84722137451172, 75.69444274902344, 151.38888549804688, 0.0976562574505806, 0.1953125149011612, 0.3906250298023224, 0.7812500596046448, 1.5625001192092896, 3.125000238418579, 6.250000476837158, 12.500000953674316, 1.1827256679534912, 2.3654513359069824, 4.730902671813965, 9.46180534362793, 18.92361068725586, 37.84722137451172, 75.69444274902344, 151.38888549804688, 0.0976562350988388, 0.1953124701976776, 0.3906249403953552, 0.7812498807907104, 1.562499761581421, 3.124999523162842, 6.249999046325684, 12.499998092651367, 0.0976562574505806, 0.1953125149011612, 0.3906250298023224, 0.7812500596046448, 1.5625001192092896, 3.125000238418579, 6.250000476837158, 12.500000953674316, 1.1827256679534912, 2.3654513359069824, 4.730902671813965, 9.46180534362793, 18.92361068725586, 37.84722137451172, 75.69444274902344, 151.38888549804688, 0.0976562574505806, 0.1953125149011612, 0.3906250298023224, 0.7812500596046448, 1.5625001192092896, 3.125000238418579, 6.250000476837158, 12.500000953674316, 0.09765625, 0.1953125, 0.390625, 0.78125, 1.5625, 3.125, 6.25, 12.5, 0.09765625, 0.1953125, 0.390625, 0.78125, 1.5625, 3.125, 6.25, 12.5, 0.0976562574505806, 0.1953125149011612, 0.3906250298023224, 0.7812500596046448, 1.5625001192092896, 3.125000238418579, 6.250000476837158, 12.500000953674316, 0.3255208134651184, 0.6510416269302368, 1.3020832538604736, 2.6041665077209473, 5.2083330154418945, 10.416666030883789, 20.833332061767578, 41.666664123535156, 0.0, 0.0, 0.0, 0.0, 0.0, 0.0, 0.0, 0.0, 0.0, 0.0, 0.0, 0.0, 0.0, 0.0, 0.0, 0.0], [2.3654513359069824, 4.730902671813965, 9.46180534362793, 18.92361068725586, 37.84722137451172, 75.69444274902344, -69.8182373046875, 302.77777099609375, 2.3654513359069824, 4.730902671813965, 9.46180534362793, 18.92361068725586, 37.84722137451172, 75.69444274902344, 151.38888549804688, 302.77777099609375, 0.1953125149011612, 0.3906250298023224, 0.7812500596046448, 1.5625001192092896, 3.125000238418579, 6.250000476837158, 12.500000953674316, 25.000001907348633, 2.3654513359069824, 4.730902671813965, 9.46180534362793, 18.92361068725586, 37.84722137451172, 75.69444274902344, 151.38888549804688, 302.77777099609375, 0.1953124701976776, 0.3906249403953552, 0.7812498807907104, 1.562499761581421, 3.124999523162842, 6.249999046325684, 12.499998092651367, 24.999996185302734, 0.1953125149011612, 0.3906250298023224, 0.7812500596046448, 1.5625001192092896, 3.125000238418579, 6.250000476837158, 12.500000953674316, 25.000001907348633, 2.3654513359069824, 4.730902671813965, 9.46180534362793, 18.92361068725586, 37.84722137451172, 75.69444274902344, 151.38888549804688, 302.77777099609375, 0.1953125149011612, 0.3906250298023224, 0.7812500596046448, 1.5625001192092896, 3.125000238418579, 6.250000476837158, 12.500000953674316, 25.000001907348633, 0.1953125, 0.390625, 0.78125, 1.5625, 3.125, 6.25, 12.5, 25.0, 0.1953125, 0.390625, 0.78125, 1.5625, 3.125, 6.25, 12.5, 25.0, 0.1953125149011612, 0.3906250298023224, 0.7812500596046448, 1.5625001192092896, 3.125000238418579, 6.250000476837158, 12.500000953674316, 25.000001907348633, 0.6510416269302368, 1.3020832538604736, 2.6041665077209473, 5.2083330154418945, 10.416666030883789, 20.833332061767578, 41.666664123535156, 83.33332824707031, 0.0, 0.0, 0.0, 0.0, 0.0, 0.0, 0.0, 0.0, 0.0, 0.0, 0.0, 0.0, 0.0, 0.0, 0.0, 0.0], [4.730902671813965, 9.46180534362793, 18.92361068725586, 37.84722137451172, 75.69444274902344, 151.38888549804688, 302.77777099609375, 163.1413116455078, 4.730902671813965, 9.46180534362793, 18.92361068725586, 37.84722137451172, 75.69444274902344, 151.38888549804688, 302.77777099609375, 605.5555419921875, 0.3906250298023224, 0.7812500596046448, 1.5625001192092896, 3.125000238418579, 6.250000476837158, 12.500000953674316, 25.000001907348633, 50.000003814697266, 4.730902671813965, 9.46180534362793, 18.92361068725586, 37.84722137451172, 75.69444274902344, 151.38888549804688, 302.77777099609375, 605.5555419921875, 0.3906249403953552, 0.7812498807907104, 1.562499761581421, 3.124999523162842, 6.249999046325684, 12.499998092651367, 24.999996185302734, 49.99999237060547, 0.3906250298023224, 0.7812500596046448, 1.5625001192092896, 3.125000238418579, 6.250000476837158, 12.500000953674316, 25.000001907348633, 50.000003814697266, 4.730902671813965, 9.46180534362793, 18.92361068725586, 37.84722137451172, 75.69444274902344, 151.38888549804688, 302.77777099609375, 605.5555419921875, 0.3906250298023224, 0.7812500596046448, 1.5625001192092896, 3.125000238418579, 6.250000476837158, 12.500000953674316, 25.000001907348633, 50.000003814697266, 0.390625, 0.78125, 1.5625, 3.125, 6.25, 12.5, 25.0, 50.0, 0.390625, 0.78125, 1.5625, 3.125, 6.25, 12.5, 25.0, 50.0, 0.3906250298023224, 0.7812500596046448, 1.5625001192092896, 3.125000238418579, 6.250000476837158, 12.500000953674316, 25.000001907348633, 50.000003814697266, 1.3020832538604736, 2.6041665077209473, 5.2083330154418945, 10.416666030883789, 20.833332061767578, 41.666664123535156, 83.33332824707031, 166.66665649414062, 0.0, 0.0, 0.0, 0.0, 0.0, 0.0, 0.0, 0.0, 0.0, 0.0, 0.0, 0.0, 0.0, 0.0, 0.0, 0.0], [0.0369601771235466, 0.0739203542470932, 0.1478407084941864, 0.2956814169883728, 0.5913628339767456, 1.1827256679534912, 2.3654513359069824, 4.730902671813965, -3.419412612915039, 0.0739203691482544, 0.1478407382965088, 0.2956814765930176, 0.5913629531860352, 1.1827259063720703, 2.3654518127441406, 4.730903625488281, 0.0030517561826854944, 0.006103512365370989, 0.012207024730741978, 0.024414049461483955, 0.04882809892296791, 0.09765619784593582, 0.19531239569187164, 0.3906247913837433, 0.0369601808488369, 0.0739203616976738, 0.1478407233953476, 0.2956814467906952, 0.5913628935813904, 1.1827257871627808, 2.3654515743255615, 4.730903148651123, 0.003051766427233815, 0.00610353285446763, 0.01220706570893526, 0.02441413141787052, 0.04882826283574104, 0.09765652567148209, 0.19531305134296417, 0.39062610268592834, 0.0030517536215484142, 0.0061035072430968285, 0.012207014486193657, 0.024414028972387314, 0.04882805794477463, 0.09765611588954926, 0.1953122317790985, 0.390624463558197, 0.0369601771235466, 0.0739203542470932, 0.1478407084941864, 0.2956814169883728, 0.5913628339767456, 1.1827256679534912, 2.3654513359069824, 4.730902671813965, 0.003051751758903265, 0.00610350351780653, 0.01220700703561306, 0.02441401407122612, 0.04882802814245224, 0.09765605628490448, 0.19531211256980896, 0.3906242251396179, 0.0030517587438225746, 0.006103517487645149, 0.012207034975290298, 0.024414069950580597, 0.048828139901161194, 0.09765627980232239, 0.19531255960464478, 0.39062511920928955, 0.0030517627019435167, 0.0061035254038870335, 0.012207050807774067, 0.024414101615548134, 0.04882820323109627, 0.09765640646219254, 0.19531281292438507, 0.39062562584877014, 0.0030517536215484142, 0.0061035072430968285, 0.012207014486193657, 0.024414028972387314, 0.04882805794477463, 0.09765611588954926, 0.1953122317790985, 0.390624463558197, 0.01017252542078495, 0.0203450508415699, 0.0406901016831398, 0.0813802033662796, 0.1627604067325592, 0.3255208134651184, 0.6510416269302368, 1.3020832538604736, 0.0, 0.0, 0.0, 0.0, 0.0, 0.0, 0.0, 0.0, 0.0, 0.0, 0.0, 0.0, 0.0, 0.0, 0.0, 0.0], [0.0739203542470932, 0.1478407084941864, 0.2956814169883728, 0.5913628339767456, 1.1827256679534912, 2.3654513359069824, 4.730902671813965, 9.46180534362793, 0.0739203691482544, -6.7649054527282715, 0.2956814765930176, 0.5913629531860352, 1.1827259063720703, 2.3654518127441406, 4.730903625488281, 9.461807250976562, 0.006103512365370989, 0.012207024730741978, 0.024414049461483955, 0.04882809892296791, 0.09765619784593582, 0.19531239569187164, 0.3906247913837433, 0.7812495827674866, 0.0739203616976738, 0.1478407233953476, 0.2956814467906952, 0.5913628935813904, 1.1827257871627808, 2.3654515743255615, 4.730903148651123, 9.461806297302246, 0.00610353285446763, 0.01220706570893526, 0.02441413141787052, 0.04882826283574104, 0.09765652567148209, 0.19531305134296417, 0.39062610268592834, 0.7812522053718567, 0.0061035072430968285, 0.012207014486193657, 0.024414028972387314, 0.04882805794477463, 0.09765611588954926, 0.1953122317790985, 0.390624463558197, 0.781248927116394, 0.0739203542470932, 0.1478407084941864, 0.2956814169883728, 0.5913628339767456, 1.1827256679534912, 2.3654513359069824, 4.730902671813965, 9.46180534362793, 0.00610350351780653, 0.01220700703561306, 0.02441401407122612, 0.04882802814245224, 0.09765605628490448, 0.19531211256980896, 0.3906242251396179, 0.7812484502792358, 0.006103517487645149, 0.012207034975290298, 0.024414069950580597, 0.048828139901161194, 0.09765627980232239, 0.19531255960464478, 0.39062511920928955, 0.7812502384185791, 0.0061035254038870335, 0.012207050807774067, 0.024414101615548134, 0.04882820323109627, 0.09765640646219254, 0.19531281292438507, 0.39062562584877014, 0.7812512516975403, 0.0061035072430968285, 0.012207014486193657, 0.024414028972387314, 0.04882805794477463, 0.09765611588954926, 0.1953122317790985, 0.390624463558197, 0.781248927116394, 0.0203450508415699, 0.0406901016831398, 0.0813802033662796, 0.1627604067325592, 0.3255208134651184, 0.6510416269302368, 1.3020832538604736, 2.6041665077209473, 0.0, 0.0, 0.0, 0.0, 0.0, 0.0, 0.0, 0.0, 0.0, 0.0, 0.0, 0.0, 0.0, 0.0, 0.0, 0.0], [0.1478407084941864, 0.2956814169883728, 0.5913628339767456, 1.1827256679534912, 2.3654513359069824, 4.730902671813965, 9.46180534362793, 18.92361068725586, 0.1478407382965088, 0.2956814765930176, -13.234128952026367, 1.1827259063720703, 2.3654518127441406, 4.730903625488281, 9.461807250976562, 18.923614501953125, 0.012207024730741978, 0.024414049461483955, 0.04882809892296791, 0.09765619784593582, 0.19531239569187164, 0.3906247913837433, 0.7812495827674866, 1.5624991655349731, 0.1478407233953476, 0.2956814467906952, 0.5913628935813904, 1.1827257871627808, 2.3654515743255615, 4.730903148651123, 9.461806297302246, 18.923612594604492, 0.01220706570893526, 0.02441413141787052, 0.04882826283574104, 0.09765652567148209, 0.19531305134296417, 0.39062610268592834, 0.7812522053718567, 1.5625044107437134, 0.012207014486193657, 0.024414028972387314, 0.04882805794477463, 0.09765611588954926, 0.1953122317790985, 0.390624463558197, 0.781248927116394, 1.562497854232788, 0.1478407084941864, 0.2956814169883728, 0.5913628339767456, 1.1827256679534912, 2.3654513359069824, 4.730902671813965, 9.46180534362793, 18.92361068725586, 0.01220700703561306, 0.02441401407122612, 0.04882802814245224, 0.09765605628490448, 0.19531211256980896, 0.3906242251396179, 0.7812484502792358, 1.5624969005584717, 0.012207034975290298, 0.024414069950580597, 0.048828139901161194, 0.09765627980232239, 0.19531255960464478, 0.39062511920928955, 0.7812502384185791, 1.5625004768371582, 0.012207050807774067, 0.024414101615548134, 0.04882820323109627, 0.09765640646219254, 0.19531281292438507, 0.39062562584877014, 0.7812512516975403, 1.5625025033950806, 0.012207014486193657, 0.024414028972387314, 0.04882805794477463, 0.09765611588954926, 0.1953122317790985, 0.390624463558197, 0.781248927116394, 1.562497854232788, 0.0406901016831398, 0.0813802033662796, 0.1627604067325592, 0.3255208134651184, 0.6510416269302368, 1.3020832538604736, 2.6041665077209473, 5.2083330154418945, 0.0, 0.0, 0.0, 0.0, 0.0, 0.0, 0.0, 0.0, 0.0, 0.0, 0.0, 0.0, 0.0, 0.0, 0.0, 0.0], [0.2956814169883728, 0.5913628339767456, 1.1827256679534912, 2.3654513359069824, 4.730902671813965, 9.46180534362793, 18.92361068725586, 37.84722137451172, 0.2956814765930176, 0.5913629531860352, 1.1827259063720703, -25.28553009033203, 4.730903625488281, 9.461807250976562, 18.923614501953125, 37.84722900390625, 0.024414049461483955, 0.04882809892296791, 0.09765619784593582, 0.19531239569187164, 0.3906247913837433, 0.7812495827674866, 1.5624991655349731, 3.1249983310699463, 0.2956814467906952, 0.5913628935813904, 1.1827257871627808, 2.3654515743255615, 4.730903148651123, 9.461806297302246, 18.923612594604492, 37.847225189208984, 0.02441413141787052, 0.04882826283574104, 0.09765652567148209, 0.19531305134296417, 0.39062610268592834, 0.7812522053718567, 1.5625044107437134, 3.1250088214874268, 0.024414028972387314, 0.04882805794477463, 0.09765611588954926, 0.1953122317790985, 0.390624463558197, 0.781248927116394, 1.562497854232788, 3.124995708465576, 0.2956814169883728, 0.5913628339767456, 1.1827256679534912, 2.3654513359069824, 4.730902671813965, 9.46180534362793, 18.92361068725586, 37.84722137451172, 0.02441401407122612, 0.04882802814245224, 0.09765605628490448, 0.19531211256980896, 0.3906242251396179, 0.7812484502792358, 1.5624969005584717, 3.1249938011169434, 0.024414069950580597, 0.048828139901161194, 0.09765627980232239, 0.19531255960464478, 0.39062511920928955, 0.7812502384185791, 1.5625004768371582, 3.1250009536743164, 0.024414101615548134, 0.04882820323109627, 0.09765640646219254, 0.19531281292438507, 0.39062562584877014, 0.7812512516975403, 1.5625025033950806, 3.125005006790161, 0.024414028972387314, 0.04882805794477463, 0.09765611588954926, 0.1953122317790985, 0.390624463558197, 0.781248927116394, 1.562497854232788, 3.124995708465576, 0.0813802033662796, 0.1627604067325592, 0.3255208134651184, 0.6510416269302368, 1.3020832538604736, 2.6041665077209473, 5.2083330154418945, 10.416666030883789, 0.0, 0.0, 0.0, 0.0, 0.0, 0.0, 0.0, 0.0, 0.0, 0.0, 0.0, 0.0, 0.0, 0.0, 0.0, 0.0], [0.5913628339767456, 1.1827256679534912, 2.3654513359069824, 4.730902671813965, 9.46180534362793, 18.92361068725586, 37.84722137451172, 75.69444274902344, 0.5913629531860352, 1.1827259063720703, 2.3654518127441406, 4.730903625488281, -45.84016036987305, 18.923614501953125, 37.84722900390625, 75.6944580078125, 0.04882809892296791, 0.09765619784593582, 0.19531239569187164, 0.3906247913837433, 0.7812495827674866, 1.5624991655349731, 3.1249983310699463, 6.249996662139893, 0.5913628935813904, 1.1827257871627808, 2.3654515743255615, 4.730903148651123, 9.461806297302246, 18.923612594604492, 37.847225189208984, 75.69445037841797, 0.04882826283574104, 0.09765652567148209, 0.19531305134296417, 0.39062610268592834, 0.7812522053718567, 1.5625044107437134, 3.1250088214874268, 6.2500176429748535, 0.04882805794477463, 0.09765611588954926, 0.1953122317790985, 0.390624463558197, 0.781248927116394, 1.562497854232788, 3.124995708465576, 6.249991416931152, 0.5913628339767456, 1.1827256679534912, 2.3654513359069824, 4.730902671813965, 9.46180534362793, 18.92361068725586, 37.84722137451172, 75.69444274902344, 0.04882802814245224, 0.09765605628490448, 0.19531211256980896, 0.3906242251396179, 0.7812484502792358, 1.5624969005584717, 3.1249938011169434, 6.249987602233887, 0.048828139901161194, 0.09765627980232239, 0.19531255960464478, 0.39062511920928955, 0.7812502384185791, 1.5625004768371582, 3.1250009536743164, 6.250001907348633, 0.04882820323109627, 0.09765640646219254, 0.19531281292438507, 0.39062562584877014, 0.7812512516975403, 1.5625025033950806, 3.125005006790161, 6.250010013580322, 0.04882805794477463, 0.09765611588954926, 0.1953122317790985, 0.390624463558197, 0.781248927116394, 1.562497854232788, 3.124995708465576, 6.249991416931152, 0.1627604067325592, 0.3255208134651184, 0.6510416269302368, 1.3020832538604736, 2.6041665077209473, 5.2083330154418945, 10.416666030883789, 20.833332061767578, 0.0, 0.0, 0.0, 0.0, 0.0, 0.0, 0.0, 0.0, 0.0, 0.0, 0.0, 0.0, 0.0, 0.0, 0.0, 0.0], [1.1827256679534912, 2.3654513359069824, 4.730902671813965, 9.46180534362793, 18.92361068725586, 37.84722137451172, 75.69444274902344, 151.38888549804688, 1.1827259063720703, 2.3654518127441406, 4.730903625488281, 9.461807250976562, 18.923614501953125, -72.75670623779297, 75.6944580078125, 151.388916015625, 0.09765619784593582, 0.19531239569187164, 0.3906247913837433, 0.7812495827674866, 1.5624991655349731, 3.1249983310699463, 6.249996662139893, 12.499993324279785, 1.1827257871627808, 2.3654515743255615, 4.730903148651123, 9.461806297302246, 18.923612594604492, 37.847225189208984, 75.69445037841797, 151.38890075683594, 0.09765652567148209, 0.19531305134296417, 0.39062610268592834, 0.7812522053718567, 1.5625044107437134, 3.1250088214874268, 6.2500176429748535, 12.500035285949707, 0.09765611588954926, 0.1953122317790985, 0.390624463558197, 0.781248927116394, 1.562497854232788, 3.124995708465576, 6.249991416931152, 12.499982833862305, 1.1827256679534912, 2.3654513359069824, 4.730902671813965, 9.46180534362793, 18.92361068725586, 37.84722137451172, 75.69444274902344, 151.38888549804688, 0.09765605628490448, 0.19531211256980896, 0.3906242251396179, 0.7812484502792358, 1.5624969005584717, 3.1249938011169434, 6.249987602233887, 12.499975204467773, 0.09765627980232239, 0.19531255960464478, 0.39062511920928955, 0.7812502384185791, 1.5625004768371582, 3.1250009536743164, 6.250001907348633, 12.500003814697266, 0.09765640646219254, 0.19531281292438507, 0.39062562584877014, 0.7812512516975403, 1.5625025033950806, 3.125005006790161, 6.250010013580322, 12.500020027160645, 0.09765611588954926, 0.1953122317790985, 0.390624463558197, 0.781248927116394, 1.562497854232788, 3.124995708465576, 6.249991416931152, 12.499982833862305, 0.3255208134651184, 0.6510416269302368, 1.3020832538604736, 2.6041665077209473, 5.2083330154418945, 10.416666030883789, 20.833332061767578, 41.666664123535156, 0.0, 0.0, 0.0, 0.0, 0.0, 0.0, 0.0, 0.0, 0.0, 0.0, 0.0, 0.0, 0.0, 0.0, 0.0, 0.0], [2.3654513359069824, 4.730902671813965, 9.46180534362793, 18.92361068725586, 37.84722137451172, 75.69444274902344, 151.38888549804688, 302.77777099609375, 2.3654518127441406, 4.730903625488281, 9.461807250976562, 18.923614501953125, 37.84722900390625, 75.6944580078125, -69.81895446777344, 302.77783203125, 0.19531239569187164, 0.3906247913837433, 0.7812495827674866, 1.5624991655349731, 3.1249983310699463, 6.249996662139893, 12.499993324279785, 24.99998664855957, 2.3654515743255615, 4.730903148651123, 9.461806297302246, 18.923612594604492, 37.847225189208984, 75.69445037841797, 151.38890075683594, 302.7778015136719, 0.19531305134296417, 0.39062610268592834, 0.7812522053718567, 1.5625044107437134, 3.1250088214874268, 6.2500176429748535, 12.500035285949707, 25.000070571899414, 0.1953122317790985, 0.390624463558197, 0.781248927116394, 1.562497854232788, 3.124995708465576, 6.249991416931152, 12.499982833862305, 24.99996566772461, 2.3654513359069824, 4.730902671813965, 9.46180534362793, 18.92361068725586, 37.84722137451172, 75.69444274902344, 151.38888549804688, 302.77777099609375, 0.19531211256980896, 0.3906242251396179, 0.7812484502792358, 1.5624969005584717, 3.1249938011169434, 6.249987602233887, 12.499975204467773, 24.999950408935547, 0.19531255960464478, 0.39062511920928955, 0.7812502384185791, 1.5625004768371582, 3.1250009536743164, 6.250001907348633, 12.500003814697266, 25.00000762939453, 0.19531281292438507, 0.39062562584877014, 0.7812512516975403, 1.5625025033950806, 3.125005006790161, 6.250010013580322, 12.500020027160645, 25.00004005432129, 0.1953122317790985, 0.390624463558197, 0.781248927116394, 1.562497854232788, 3.124995708465576, 6.249991416931152, 12.499982833862305, 24.99996566772461, 0.6510416269302368, 1.3020832538604736, 2.6041665077209473, 5.2083330154418945, 10.416666030883789, 20.833332061767578, 41.666664123535156, 83.33332824707031, 0.0, 0.0, 0.0, 0.0, 0.0, 0.0, 0.0, 0.0, 0.0, 0.0, 0.0, 0.0, 0.0, 0.0, 0.0, 0.0], [4.730902671813965, 9.46180534362793, 18.92361068725586, 37.84722137451172, 75.69444274902344, 151.38888549804688, 302.77777099609375, 605.5555419921875, 4.730903625488281, 9.461807250976562, 18.923614501953125, 37.84722900390625, 75.6944580078125, 151.388916015625, 302.77783203125, 163.1399383544922, 0.3906247913837433, 0.7812495827674866, 1.5624991655349731, 3.1249983310699463, 6.249996662139893, 12.499993324279785, 24.99998664855957, 49.99997329711914, 4.730903148651123, 9.461806297302246, 18.923612594604492, 37.847225189208984, 75.69445037841797, 151.38890075683594, 302.7778015136719, 605.5556030273438, 0.39062610268592834, 0.7812522053718567, 1.5625044107437134, 3.1250088214874268, 6.2500176429748535, 12.500035285949707, 25.000070571899414, 50.00014114379883, 0.390624463558197, 0.781248927116394, 1.562497854232788, 3.124995708465576, 6.249991416931152, 12.499982833862305, 24.99996566772461, 49.99993133544922, 4.730902671813965, 9.46180534362793, 18.92361068725586, 37.84722137451172, 75.69444274902344, 151.38888549804688, 302.77777099609375, 605.5555419921875, 0.3906242251396179, 0.7812484502792358, 1.5624969005584717, 3.1249938011169434, 6.249987602233887, 12.499975204467773, 24.999950408935547, 49.999900817871094, 0.39062511920928955, 0.7812502384185791, 1.5625004768371582, 3.1250009536743164, 6.250001907348633, 12.500003814697266, 25.00000762939453, 50.00001525878906, 0.39062562584877014, 0.7812512516975403, 1.5625025033950806, 3.125005006790161, 6.250010013580322, 12.500020027160645, 25.00004005432129, 50.00008010864258, 0.390624463558197, 0.781248927116394, 1.562497854232788, 3.124995708465576, 6.249991416931152, 12.499982833862305, 24.99996566772461, 49.99993133544922, 1.3020832538604736, 2.6041665077209473, 5.2083330154418945, 10.416666030883789, 20.833332061767578, 41.666664123535156, 83.33332824707031, 166.66665649414062, 0.0, 0.0, 0.0, 0.0, 0.0, 0.0, 0.0, 0.0, 0.0, 0.0, 0.0, 0.0, 0.0, 0.0, 0.0, 0.0], [0.0030517580453306437, 0.006103516090661287, 0.012207032181322575, 0.02441406436264515, 0.0488281287252903, 0.0976562574505806, 0.1953125149011612, 0.3906250298023224, 0.0030517561826854944, 0.006103512365370989, 0.012207024730741978, 0.024414049461483955, 0.04882809892296791, 0.09765619784593582, 0.19531239569187164, 0.3906247913837433, -1.5594247579574585, 0.006103517487645149, 0.012207034975290298, 0.024414069950580597, 0.048828139901161194, 0.09765627980232239, 0.19531255960464478, 0.39062511920928955, 0.0030517573468387127, 0.006103514693677425, 0.01220702938735485, 0.0244140587747097, 0.0488281175494194, 0.0976562350988388, 0.1953124701976776, 0.3906249403953552, 0.0030517561826854944, 0.006103512365370989, 0.012207024730741978, 0.024414049461483955, 0.04882809892296791, 0.09765619784593582, 0.19531239569187164, 0.3906247913837433, 0.00305176037363708, 0.00610352074727416, 0.01220704149454832, 0.02441408298909664, 0.04882816597819328, 0.09765633195638657, 0.19531266391277313, 0.39062532782554626, 0.0030517582781612873, 0.006103516556322575, 0.01220703311264515, 0.0244140662252903, 0.0488281324505806, 0.0976562649011612, 0.1953125298023224, 0.3906250596046448, 0.003051761770620942, 0.006103523541241884, 0.012207047082483768, 0.024414094164967537, 0.048828188329935074, 0.09765637665987015, 0.1953127533197403, 0.3906255066394806, 0.0030517575796693563, 0.006103515159338713, 0.012207030318677425, 0.02441406063735485, 0.0488281212747097, 0.0976562425494194, 0.1953124850988388, 0.3906249701976776, 0.0030517566483467817, 0.0061035132966935635, 0.012207026593387127, 0.024414053186774254, 0.04882810637354851, 0.09765621274709702, 0.19531242549419403, 0.39062485098838806, 0.003051760606467724, 0.006103521212935448, 0.012207042425870895, 0.02441408485174179, 0.04882816970348358, 0.09765633940696716, 0.19531267881393433, 0.39062535762786865, 0.0, 0.0, 0.0, 0.0, 0.0, 0.0, 0.0, 0.0, 0.0, 0.0, 0.0, 0.0, 0.0, 0.0, 0.0, 0.0, 0.0, 0.0, 0.0, 0.0, 0.0, 0.0, 0.0, 0.0], [0.006103516090661287, 0.012207032181322575, 0.02441406436264515, 0.0488281287252903, 0.0976562574505806, 0.1953125149011612, 0.3906250298023224, 0.7812500596046448, 0.006103512365370989, 0.012207024730741978, 0.024414049461483955, 0.04882809892296791, 0.09765619784593582, 0.19531239569187164, 0.3906247913837433, 0.7812495827674866, 0.006103517487645149, -3.112746000289917, 0.024414069950580597, 0.048828139901161194, 0.09765627980232239, 0.19531255960464478, 0.39062511920928955, 0.7812502384185791, 0.006103514693677425, 0.01220702938735485, 0.0244140587747097, 0.0488281175494194, 0.0976562350988388, 0.1953124701976776, 0.3906249403953552, 0.7812498807907104, 0.006103512365370989, 0.012207024730741978, 0.024414049461483955, 0.04882809892296791, 0.09765619784593582, 0.19531239569187164, 0.3906247913837433, 0.7812495827674866, 0.00610352074727416, 0.01220704149454832, 0.02441408298909664, 0.04882816597819328, 0.09765633195638657, 0.19531266391277313, 0.39062532782554626, 0.7812506556510925, 0.006103516556322575, 0.01220703311264515, 0.0244140662252903, 0.0488281324505806, 0.0976562649011612, 0.1953125298023224, 0.3906250596046448, 0.7812501192092896, 0.006103523541241884, 0.012207047082483768, 0.024414094164967537, 0.048828188329935074, 0.09765637665987015, 0.1953127533197403, 0.3906255066394806, 0.7812510132789612, 0.006103515159338713, 0.012207030318677425, 0.02441406063735485, 0.0488281212747097, 0.0976562425494194, 0.1953124850988388, 0.3906249701976776, 0.7812499403953552, 0.0061035132966935635, 0.012207026593387127, 0.024414053186774254, 0.04882810637354851, 0.09765621274709702, 0.19531242549419403, 0.39062485098838806, 0.7812497019767761, 0.006103521212935448, 0.012207042425870895, 0.02441408485174179, 0.04882816970348358, 0.09765633940696716, 0.19531267881393433, 0.39062535762786865, 0.7812507152557373, 0.0, 0.0, 0.0, 0.0, 0.0, 0.0, 0.0, 0.0, 0.0, 0.0, 0.0, 0.0, 0.0, 0.0, 0.0, 0.0, 0.0, 0.0, 0.0, 0.0, 0.0, 0.0, 0.0, 0.0], [0.012207032181322575, 0.02441406436264515, 0.0488281287252903, 0.0976562574505806, 0.1953125149011612, 0.3906250298023224, 0.7812500596046448, 1.5625001192092896, 0.012207024730741978, 0.024414049461483955, 0.04882809892296791, 0.09765619784593582, 0.19531239569187164, 0.3906247913837433, 0.7812495827674866, 1.5624991655