{"size": [112, 112], "args": [["A12.csv", "A13.csv", "A14.csv", "A15.csv", "A16.csv", "A17.csv", "A18.csv", "A19.csv", "A20.csv", "A21.csv", "A22.csv"], 0.2, 0.4, 0.4, 0.1, 5, [64, 32, 16], [[100.0, 100.0, 100.0, 100.0], [10.0, 10.0, 10.0, 10.0], [50.0, 50.0, 50.0, 50.0], [200.0, 200.0, 200.0, 200.0]]], "c": [200.0, 200.0, 200.0, 200.0], "tag": "r11-12-13-14-15-16-17-18-19-20-21-0.2-0.4-0.4-0.1-5-200.0-200.0-200.0-200.0-112x112", "data:": {"q": {"x1": [0.03125], "x2": [0.0], "x3": [0.0], "x4": [0.0], "x5": [0.0], "x6": [0.0], "x7": [0.09375], "x8": [0.0], "x9": [0.875], "x10": [0.0], "x11": [0.0]}, "program": "minimize(list(x1,x2,x3,x4,x5,x6,x7,x8,x9,x10,x11),((0.00050280851*x1*x1)+(-0.0002561814297296821*x1*x2)+(-5.4364886279232834e-05*x1*x3)+(0.0007684011677161366*x1*x4)+(5.7908703960857924e-05*x1*x5)+(0.0004879655464301194*x1*x6)+(-0.0003398585524414276*x1*x7)+(-0.00011778945711780764*x1*x8)+(0.00017740348921378168*x1*x9)+(-0.0003768463766009849*x1*x10)+(1.597379989214873e-05*x1*x11)+(-0.0002561814297296821*x2*x1)+(0.00022159610950000003*x2*x2)+(4.057154567954619e-05*x2*x3)+(-0.0003644121540021816*x2*x4)+(-3.706273472852384e-05*x2*x5)+(-0.0002544532550390819*x2*x6)+(0.0003754210363381077*x2*x7)+(9.015411708490135e-05*x2*x8)+(-9.53266472912144e-05*x2*x9)+(0.00032745816504225334*x2*x10)+(-1.0850971118601391e-05*x2*x11)+(-5.4364886279232834e-05*x3*x1)+(4.057154567954619e-05*x3*x2)+(1.033340535e-05*x3*x3)+(-8.910526281652802e-05*x3*x4)+(-2.117900431002098e-06*x3*x5)+(-5.119053624902173e-05*x3*x6)+(4.5449053833120095e-05*x3*x7)+(2.148367892452789e-05*x3*x8)+(-1.7749262771536574e-05*x3*x9)+(5.9441664834982845e-05*x3*x10)+(2.2574244677437905e-07*x3*x11)+(0.0007684011677161366*x4*x1)+(-0.0003644121540021816*x4*x2)+(-8.910526281652802e-05*x4*x3)+(0.001219171765*x4*x4)+(6.676791325350761e-05*x4*x5)+(0.0007350331712681532*x4*x6)+(-0.0003848807133463005*x4*x7)+(-0.00018781811431993082*x4*x8)+(0.0002616793943985025*x4*x9)+(-0.0005339313261773154*x4*x10)+(1.4871851805861273e-05*x4*x11)+(5.7908703960857924e-05*x5*x1)+(-3.706273472852384e-05*x5*x2)+(-2.117900431002098e-06*x5*x3)+(6.676791325350761e-05*x5*x4)+(1.76012048e-05*x5*x5)+(6.14171909918768e-05*x5*x6)+(-9.524741852351626e-05*x5*x7)+(-7.19394316281685e-06*x5*x8)+(2.505344452659784e-05*x5*x9)+(-5.553267275478757e-05*x5*x10)+(6.6840662935736485e-06*x5*x11)+(0.0004879655464301194*x6*x1)+(-0.0002544532550390819*x6*x2)+(-5.119053624902173e-05*x6*x3)+(0.0007350331712681532*x6*x4)+(6.14171909918768e-05*x6*x5)+(0.00047610912900000003*x6*x6)+(-0.0003608462952886518*x6*x7)+(-0.0001121669140800627*x6*x8)+(0.00017441781841294734*x6*x9)+(-0.0003748080881461802*x6*x10)+(1.7798025344579918e-05*x6*x11)+(-0.0003398585524414276*x7*x1)+(0.0003754210363381077*x7*x2)+(4.5449053833120095e-05*x7*x3)+(-0.0003848807133463005*x7*x4)+(-9.524741852351626e-05*x7*x5)+(-0.0003608462952886518*x7*x6)+(0.0008289611000000001*x7*x7)+(0.00011269724544051121*x7*x8)+(-0.00014695207463525566*x7*x9)+(0.000558946494219233*x7*x10)+(-3.444673920323464e-05*x7*x11)+(-0.00011778945711780764*x8*x1)+(9.015411708490135e-05*x8*x2)+(2.148367892452789e-05*x8*x3)+(-0.00018781811431993082*x8*x4)+(-7.19394316281685e-06*x8*x5)+(-0.0001121669140800627*x8*x6)+(0.00011269724544051121*x8*x7)+(4.5209583e-05*x8*x8)+(-3.95669194666916e-05*x8*x9)+(0.00013234423513356353*x8*x10)+(-6.620415554446053e-07*x8*x11)+(0.00017740348921378168*x9*x1)+(-9.53266472912144e-05*x9*x2)+(-1.7749262771536574e-05*x9*x3)+(0.0002616793943985025*x9*x4)+(2.505344452659784e-05*x9*x5)+(0.00017441781841294734*x9*x6)+(-0.00014695207463525566*x9*x7)+(-3.95669194666916e-05*x9*x8)+(6.45818595e-05*x9*x9)+(-0.00014067101560330232*x9*x10)+(7.671130490847863e-06*x9*x11)+(-0.0003768463766009849*x10*x1)+(0.00032745816504225334*x10*x2)+(5.9441664834982845e-05*x10*x3)+(-0.0005339313261773154*x10*x4)+(-5.553267275478757e-05*x10*x5)+(-0.0003748080881461802*x10*x6)+(0.000558946494219233*x10*x7)+(0.00013234423513356353*x10*x8)+(-0.00014067101560330232*x10*x9)+(0.0004839842775*x10*x10)+(-1.64049384429255e-05*x10*x11)+(1.597379989214873e-05*x11*x1)+(-1.0850971118601391e-05*x11*x2)+(2.2574244677437905e-07*x11*x3)+(1.4871851805861273e-05*x11*x4)+(6.6840662935736485e-06*x11*x5)+(1.7798025344579918e-05*x11*x6)+(-3.444673920323464e-05*x11*x7)+(-6.620415554446053e-07*x11*x8)+(7.671130490847863e-06*x11*x9)+(-1.64049384429255e-05*x11*x10)+(2.65894021e-06*x11*x11)-((-0.01*x1)+(-0.0185*x2)+(-0.0115*x3)+(-0.007*x4)+(-0.0225*x5)+(-0.0115*x6)+(-0.006*x7)+(-0.0115*x8)+(-0.006*x9)+(-0.017*x10)+(-0.02*x11))))\n & label('total', x1+x2+x3+x4+x5+x6+x7+x8+x9+x10+x11==1.0) & \nlabel('eqlimit', (0.0*x1)+(0.0*x2)+(0.0*x3)+(0.0*x4)+(5.0*x5)+(0.0*x6)+(0.0*x7)+(5.0*x8)+(0.0*x9)+(5.0*x10)+(5.0*x11)<1.0) & \nlabel('filimit', (2.5*x1)+(2.5*x2)+(0.0*x3)+(0.0*x4)+(0.0*x5)+(2.5*x6)+(0.0*x7)+(0.0*x8)+(0.0*x9)+(0.0*x10)+(0.0*x11)<1.0) & \nlabel('xxxlimit', (0.0*x1)+(0.0*x2)+(2.5*x3)+(2.5*x4)+(0.0*x5)+(0.0*x6)+(2.5*x7)+(0.0*x8)+(0.0*x9)+(0.0*x10)+(0.0*x11)<1.0)", "matrix": [[-4.323985576629639, 0.15869140625, 0.3173828125, 0.634765625, 1.26953125, 2.5390625, 5.078125, 10.15625, 0.079345703125, 0.15869140625, 0.3173828125, 0.634765625, 1.26953125, 2.5390625, 5.078125, 10.15625, 0.0030517580453306437, 0.006103516090661287, 0.012207032181322575, 0.02441406436264515, 0.0488281287252903, 0.0976562574505806, 0.1953125149011612, 0.3906250298023224, 0.079345703125, 0.15869140625, 0.3173828125, 0.634765625, 1.26953125, 2.5390625, 5.078125, 10.15625, 0.0030517573468387127, 0.006103514693677425, 0.01220702938735485, 0.0244140587747097, 0.0488281175494194, 0.0976562350988388, 0.1953124701976776, 0.3906249403953552, 0.0030517580453306437, 0.006103516090661287, 0.012207032181322575, 0.02441406436264515, 0.0488281287252903, 0.0976562574505806, 0.1953125149011612, 0.3906250298023224, 0.079345703125, 0.15869140625, 0.3173828125, 0.634765625, 1.26953125, 2.5390625, 5.078125, 10.15625, 0.0030517580453306437, 0.006103516090661287, 0.012207032181322575, 0.02441406436264515, 0.0488281287252903, 0.0976562574505806, 0.1953125149011612, 0.3906250298023224, 0.0030517578125, 0.006103515625, 0.01220703125, 0.0244140625, 0.048828125, 0.09765625, 0.1953125, 0.390625, 0.0030517575796693563, 0.006103515159338713, 0.012207030318677425, 0.02441406063735485, 0.0488281212747097, 0.0976562425494194, 0.1953124850988388, 0.3906249701976776, 0.0030517580453306437, 0.006103516090661287, 0.012207032181322575, 0.02441406436264515, 0.0488281287252903, 0.0976562574505806, 0.1953125149011612, 0.3906250298023224, 0.0152587890625, 0.030517578125, 0.06103515625, 0.1220703125, 0.244140625, 0.48828125, 0.9765625, 1.953125, 0.0, 0.0, 0.0, 0.0, 0.0, 0.0, 0.0, 0.0, 0.0, 0.0, 0.0, 0.0, 0.0, 0.0, 0.0, 0.0], [0.15869140625, -8.489279747009277, 0.634765625, 1.26953125, 2.5390625, 5.078125, 10.15625, 20.3125, 0.15869140625, 0.3173828125, 0.634765625, 1.26953125, 2.5390625, 5.078125, 10.15625, 20.3125, 0.006103516090661287, 0.012207032181322575, 0.02441406436264515, 0.0488281287252903, 0.0976562574505806, 0.1953125149011612, 0.3906250298023224, 0.7812500596046448, 0.15869140625, 0.3173828125, 0.634765625, 1.26953125, 2.5390625, 5.078125, 10.15625, 20.3125, 0.006103514693677425, 0.01220702938735485, 0.0244140587747097, 0.0488281175494194, 0.0976562350988388, 0.1953124701976776, 0.3906249403953552, 0.7812498807907104, 0.006103516090661287, 0.012207032181322575, 0.02441406436264515, 0.0488281287252903, 0.0976562574505806, 0.1953125149011612, 0.3906250298023224, 0.7812500596046448, 0.15869140625, 0.3173828125, 0.634765625, 1.26953125, 2.5390625, 5.078125, 10.15625, 20.3125, 0.006103516090661287, 0.012207032181322575, 0.02441406436264515, 0.0488281287252903, 0.0976562574505806, 0.1953125149011612, 0.3906250298023224, 0.7812500596046448, 0.006103515625, 0.01220703125, 0.0244140625, 0.048828125, 0.09765625, 0.1953125, 0.390625, 0.78125, 0.006103515159338713, 0.012207030318677425, 0.02441406063735485, 0.0488281212747097, 0.0976562425494194, 0.1953124850988388, 0.3906249701976776, 0.7812499403953552, 0.006103516090661287, 0.012207032181322575, 0.02441406436264515, 0.0488281287252903, 0.0976562574505806, 0.1953125149011612, 0.3906250298023224, 0.7812500596046448, 0.030517578125, 0.06103515625, 0.1220703125, 0.244140625, 0.48828125, 0.9765625, 1.953125, 3.90625, 0.0, 0.0, 0.0, 0.0, 0.0, 0.0, 0.0, 0.0, 0.0, 0.0, 0.0, 0.0, 0.0, 0.0, 0.0, 0.0], [0.3173828125, 0.634765625, -16.343793869018555, 2.5390625, 5.078125, 10.15625, 20.3125, 40.625, 0.3173828125, 0.634765625, 1.26953125, 2.5390625, 5.078125, 10.15625, 20.3125, 40.625, 0.012207032181322575, 0.02441406436264515, 0.0488281287252903, 0.0976562574505806, 0.1953125149011612, 0.3906250298023224, 0.7812500596046448, 1.5625001192092896, 0.3173828125, 0.634765625, 1.26953125, 2.5390625, 5.078125, 10.15625, 20.3125, 40.625, 0.01220702938735485, 0.0244140587747097, 0.0488281175494194, 0.0976562350988388, 0.1953124701976776, 0.3906249403953552, 0.7812498807907104, 1.562499761581421, 0.012207032181322575, 0.02441406436264515, 0.0488281287252903, 0.0976562574505806, 0.1953125149011612, 0.3906250298023224, 0.7812500596046448, 1.5625001192092896, 0.3173828125, 0.634765625, 1.26953125, 2.5390625, 5.078125, 10.15625, 20.3125, 40.625, 0.012207032181322575, 0.02441406436264515, 0.0488281287252903, 0.0976562574505806, 0.1953125149011612, 0.3906250298023224, 0.7812500596046448, 1.5625001192092896, 0.01220703125, 0.0244140625, 0.048828125, 0.09765625, 0.1953125, 0.390625, 0.78125, 1.5625, 0.012207030318677425, 0.02441406063735485, 0.0488281212747097, 0.0976562425494194, 0.1953124850988388, 0.3906249701976776, 0.7812499403953552, 1.5624998807907104, 0.012207032181322575, 0.02441406436264515, 0.0488281287252903, 0.0976562574505806, 0.1953125149011612, 0.3906250298023224, 0.7812500596046448, 1.5625001192092896, 0.06103515625, 0.1220703125, 0.244140625, 0.48828125, 0.9765625, 1.953125, 3.90625, 7.8125, 0.0, 0.0, 0.0, 0.0, 0.0, 0.0, 0.0, 0.0, 0.0, 0.0, 0.0, 0.0, 0.0, 0.0, 0.0, 0.0], [0.634765625, 1.26953125, 2.5390625, -30.14852523803711, 10.15625, 20.3125, 40.625, 81.25, 0.634765625, 1.26953125, 2.5390625, 5.078125, 10.15625, 20.3125, 40.625, 81.25, 0.02441406436264515, 0.0488281287252903, 0.0976562574505806, 0.1953125149011612, 0.3906250298023224, 0.7812500596046448, 1.5625001192092896, 3.125000238418579, 0.634765625, 1.26953125, 2.5390625, 5.078125, 10.15625, 20.3125, 40.625, 81.25, 0.0244140587747097, 0.0488281175494194, 0.0976562350988388, 0.1953124701976776, 0.3906249403953552, 0.7812498807907104, 1.562499761581421, 3.124999523162842, 0.02441406436264515, 0.0488281287252903, 0.0976562574505806, 0.1953125149011612, 0.3906250298023224, 0.7812500596046448, 1.5625001192092896, 3.125000238418579, 0.634765625, 1.26953125, 2.5390625, 5.078125, 10.15625, 20.3125, 40.625, 81.25, 0.02441406436264515, 0.0488281287252903, 0.0976562574505806, 0.1953125149011612, 0.3906250298023224, 0.7812500596046448, 1.5625001192092896, 3.125000238418579, 0.0244140625, 0.048828125, 0.09765625, 0.1953125, 0.390625, 0.78125, 1.5625, 3.125, 0.02441406063735485, 0.0488281212747097, 0.0976562425494194, 0.1953124850988388, 0.3906249701976776, 0.7812499403953552, 1.5624998807907104, 3.124999761581421, 0.02441406436264515, 0.0488281287252903, 0.0976562574505806, 0.1953125149011612, 0.3906250298023224, 0.7812500596046448, 1.5625001192092896, 3.125000238418579, 0.1220703125, 0.244140625, 0.48828125, 0.9765625, 1.953125, 3.90625, 7.8125, 15.625, 0.0, 0.0, 0.0, 0.0, 0.0, 0.0, 0.0, 0.0, 0.0, 0.0, 0.0, 0.0, 0.0, 0.0, 0.0, 0.0], [1.26953125, 2.5390625, 5.078125, 10.15625, -50.14079666137695, 40.625, 81.25, 162.5, 1.26953125, 2.5390625, 5.078125, 10.15625, 20.3125, 40.625, 81.25, 162.5, 0.0488281287252903, 0.0976562574505806, 0.1953125149011612, 0.3906250298023224, 0.7812500596046448, 1.5625001192092896, 3.125000238418579, 6.250000476837158, 1.26953125, 2.5390625, 5.078125, 10.15625, 20.3125, 40.625, 81.25, 162.5, 0.0488281175494194, 0.0976562350988388, 0.1953124701976776, 0.3906249403953552, 0.7812498807907104, 1.562499761581421, 3.124999523162842, 6.249999046325684, 0.0488281287252903, 0.0976562574505806, 0.1953125149011612, 0.3906250298023224, 0.7812500596046448, 1.5625001192092896, 3.125000238418579, 6.250000476837158, 1.26953125, 2.5390625, 5.078125, 10.15625, 20.3125, 40.625, 81.25, 162.5, 0.0488281287252903, 0.0976562574505806, 0.1953125149011612, 0.3906250298023224, 0.7812500596046448, 1.5625001192092896, 3.125000238418579, 6.250000476837158, 0.048828125, 0.09765625, 0.1953125, 0.390625, 0.78125, 1.5625, 3.125, 6.25, 0.0488281212747097, 0.0976562425494194, 0.1953124850988388, 0.3906249701976776, 0.7812499403953552, 1.5624998807907104, 3.124999761581421, 6.249999523162842, 0.0488281287252903, 0.0976562574505806, 0.1953125149011612, 0.3906250298023224, 0.7812500596046448, 1.5625001192092896, 3.125000238418579, 6.250000476837158, 0.244140625, 0.48828125, 0.9765625, 1.953125, 3.90625, 7.8125, 15.625, 31.25, 0.0, 0.0, 0.0, 0.0, 0.0, 0.0, 0.0, 0.0, 0.0, 0.0, 0.0, 0.0, 0.0, 0.0, 0.0, 0.0], [2.5390625, 5.078125, 10.15625, 20.3125, 40.625, -59.656593322753906, 162.5, 325.0, 2.5390625, 5.078125, 10.15625, 20.3125, 40.625, 81.25, 162.5, 325.0, 0.0976562574505806, 0.1953125149011612, 0.3906250298023224, 0.7812500596046448, 1.5625001192092896, 3.125000238418579, 6.250000476837158, 12.500000953674316, 2.5390625, 5.078125, 10.15625, 20.3125, 40.625, 81.25, 162.5, 325.0, 0.0976562350988388, 0.1953124701976776, 0.3906249403953552, 0.7812498807907104, 1.562499761581421, 3.124999523162842, 6.249999046325684, 12.499998092651367, 0.0976562574505806, 0.1953125149011612, 0.3906250298023224, 0.7812500596046448, 1.5625001192092896, 3.125000238418579, 6.250000476837158, 12.500000953674316, 2.5390625, 5.078125, 10.15625, 20.3125, 40.625, 81.25, 162.5, 325.0, 0.0976562574505806, 0.1953125149011612, 0.3906250298023224, 0.7812500596046448, 1.5625001192092896, 3.125000238418579, 6.250000476837158, 12.500000953674316, 0.09765625, 0.1953125, 0.390625, 0.78125, 1.5625, 3.125, 6.25, 12.5, 0.0976562425494194, 0.1953124850988388, 0.3906249701976776, 0.7812499403953552, 1.5624998807907104, 3.124999761581421, 6.249999523162842, 12.499999046325684, 0.0976562574505806, 0.1953125149011612, 0.3906250298023224, 0.7812500596046448, 1.5625001192092896, 3.125000238418579, 6.250000476837158, 12.500000953674316, 0.48828125, 0.9765625, 1.953125, 3.90625, 7.8125, 15.625, 31.25, 62.5, 0.0, 0.0, 0.0, 0.0, 0.0, 0.0, 0.0, 0.0, 0.0, 0.0, 0.0, 0.0, 0.0, 0.0, 0.0, 0.0], [5.078125, 10.15625, 20.3125, 40.625, 81.25, 162.5, 43.186805725097656, 650.0, 5.078125, 10.15625, 20.3125, 40.625, 81.25, 162.5, 325.0, 650.0, 0.1953125149011612, 0.3906250298023224, 0.7812500596046448, 1.5625001192092896, 3.125000238418579, 6.250000476837158, 12.500000953674316, 25.000001907348633, 5.078125, 10.15625, 20.3125, 40.625, 81.25, 162.5, 325.0, 650.0, 0.1953124701976776, 0.3906249403953552, 0.7812498807907104, 1.562499761581421, 3.124999523162842, 6.249999046325684, 12.499998092651367, 24.999996185302734, 0.1953125149011612, 0.3906250298023224, 0.7812500596046448, 1.5625001192092896, 3.125000238418579, 6.250000476837158, 12.500000953674316, 25.000001907348633, 5.078125, 10.15625, 20.3125, 40.625, 81.25, 162.5, 325.0, 650.0, 0.1953125149011612, 0.3906250298023224, 0.7812500596046448, 1.5625001192092896, 3.125000238418579, 6.250000476837158, 12.500000953674316, 25.000001907348633, 0.1953125, 0.390625, 0.78125, 1.5625, 3.125, 6.25, 12.5, 25.0, 0.1953124850988388, 0.3906249701976776, 0.7812499403953552, 1.5624998807907104, 3.124999761581421, 6.249999523162842, 12.499999046325684, 24.999998092651367, 0.1953125149011612, 0.3906250298023224, 0.7812500596046448, 1.5625001192092896, 3.125000238418579, 6.250000476837158, 12.500000953674316, 25.000001907348633, 0.9765625, 1.953125, 3.90625, 7.8125, 15.625, 31.25, 62.5, 125.0, 0.0, 0.0, 0.0, 0.0, 0.0, 0.0, 0.0, 0.0, 0.0, 0.0, 0.0, 0.0, 0.0, 0.0, 0.0, 0.0], [10.15625, 20.3125, 40.625, 81.25, 162.5, 325.0, 650.0, 736.3735961914062, 10.15625, 20.3125, 40.625, 81.25, 162.5, 325.0, 650.0, 1300.0, 0.3906250298023224, 0.7812500596046448, 1.5625001192092896, 3.125000238418579, 6.250000476837158, 12.500000953674316, 25.000001907348633, 50.000003814697266, 10.15625, 20.3125, 40.625, 81.25, 162.5, 325.0, 650.0, 1300.0, 0.3906249403953552, 0.7812498807907104, 1.562499761581421, 3.124999523162842, 6.249999046325684, 12.499998092651367, 24.999996185302734, 49.99999237060547, 0.3906250298023224, 0.7812500596046448, 1.5625001192092896, 3.125000238418579, 6.250000476837158, 12.500000953674316, 25.000001907348633, 50.000003814697266, 10.15625, 20.3125, 40.625, 81.25, 162.5, 325.0, 650.0, 1300.0, 0.3906250298023224, 0.7812500596046448, 1.5625001192092896, 3.125000238418579, 6.250000476837158, 12.500000953674316, 25.000001907348633, 50.000003814697266, 0.390625, 0.78125, 1.5625, 3.125, 6.25, 12.5, 25.0, 50.0, 0.3906249701976776, 0.7812499403953552, 1.5624998807907104, 3.124999761581421, 6.249999523162842, 12.499999046325684, 24.999998092651367, 49.999996185302734, 0.3906250298023224, 0.7812500596046448, 1.5625001192092896, 3.125000238418579, 6.250000476837158, 12.500000953674316, 25.000001907348633, 50.000003814697266, 1.953125, 3.90625, 7.8125, 15.625, 31.25, 62.5, 125.0, 250.0, 0.0, 0.0, 0.0, 0.0, 0.0, 0.0, 0.0, 0.0, 0.0, 0.0, 0.0, 0.0, 0.0, 0.0, 0.0, 0.0], [0.079345703125, 0.15869140625, 0.3173828125, 0.634765625, 1.26953125, 2.5390625, 5.078125, 10.15625, -4.3239970207214355, 0.1586914211511612, 0.3173828423023224, 0.6347656846046448, 1.2695313692092896, 2.539062738418579, 5.078125476837158, 10.156250953674316, 0.003051755717024207, 0.006103511434048414, 0.012207022868096828, 0.024414045736193657, 0.048828091472387314, 0.09765618294477463, 0.19531236588954926, 0.3906247317790985, 0.079345703125, 0.15869140625, 0.3173828125, 0.634765625, 1.26953125, 2.5390625, 5.078125, 10.15625, 0.003051766427233815, 0.00610353285446763, 0.01220706570893526, 0.02441413141787052, 0.04882826283574104, 0.09765652567148209, 0.19531305134296417, 0.39062610268592834, 0.0030517519917339087, 0.006103503983467817, 0.012207007966935635, 0.02441401593387127, 0.04882803186774254, 0.09765606373548508, 0.19531212747097015, 0.3906242549419403, 0.079345703125, 0.15869140625, 0.3173828125, 0.634765625, 1.26953125, 2.5390625, 5.078125, 10.15625, 0.003051749663427472, 0.006103499326854944, 0.012206998653709888, 0.024413997307419777, 0.048827994614839554, 0.09765598922967911, 0.19531197845935822, 0.39062395691871643, 0.0030517587438225746, 0.006103517487645149, 0.012207034975290298, 0.024414069950580597, 0.048828139901161194, 0.09765627980232239, 0.19531255960464478, 0.39062511920928955, 0.0030517627019435167, 0.0061035254038870335, 0.012207050807774067, 0.024414101615548134, 0.04882820323109627, 0.09765640646219254, 0.19531281292438507, 0.39062562584877014, 0.0030517519917339087, 0.006103503983467817, 0.012207007966935635, 0.02441401593387127, 0.04882803186774254, 0.09765606373548508, 0.19531212747097015, 0.3906242549419403, 0.0152587890625, 0.030517578125, 0.06103515625, 0.1220703125, 0.244140625, 0.48828125, 0.9765625, 1.953125, 0.0, 0.0, 0.0, 0.0, 0.0, 0.0, 0.0, 0.0, 0.0, 0.0, 0.0, 0.0, 0.0, 0.0, 0.0, 0.0], [0.15869140625, 0.3173828125, 0.634765625, 1.26953125, 2.5390625, 5.078125, 10.15625, 20.3125, 0.1586914211511612, -8.489302635192871, 0.6347656846046448, 1.2695313692092896, 2.539062738418579, 5.078125476837158, 10.156250953674316, 20.312501907348633, 0.006103511434048414, 0.012207022868096828, 0.024414045736193657, 0.048828091472387314, 0.09765618294477463, 0.19531236588954926, 0.3906247317790985, 0.781249463558197, 0.15869140625, 0.3173828125, 0.634765625, 1.26953125, 2.5390625, 5.078125, 10.15625, 20.3125, 0.00610353285446763, 0.01220706570893526, 0.02441413141787052, 0.04882826283574104, 0.09765652567148209, 0.19531305134296417, 0.39062610268592834, 0.7812522053718567, 0.006103503983467817, 0.012207007966935635, 0.02441401593387127, 0.04882803186774254, 0.09765606373548508, 0.19531212747097015, 0.3906242549419403, 0.7812485098838806, 0.15869140625, 0.3173828125, 0.634765625, 1.26953125, 2.5390625, 5.078125, 10.15625, 20.3125, 0.006103499326854944, 0.012206998653709888, 0.024413997307419777, 0.048827994614839554, 0.09765598922967911, 0.19531197845935822, 0.39062395691871643, 0.7812479138374329, 0.006103517487645149, 0.012207034975290298, 0.024414069950580597, 0.048828139901161194, 0.09765627980232239, 0.19531255960464478, 0.39062511920928955, 0.7812502384185791, 0.0061035254038870335, 0.012207050807774067, 0.024414101615548134, 0.04882820323109627, 0.09765640646219254, 0.19531281292438507, 0.39062562584877014, 0.7812512516975403, 0.006103503983467817, 0.012207007966935635, 0.02441401593387127, 0.04882803186774254, 0.09765606373548508, 0.19531212747097015, 0.3906242549419403, 0.7812485098838806, 0.030517578125, 0.06103515625, 0.1220703125, 0.244140625, 0.48828125, 0.9765625, 1.953125, 3.90625, 0.0, 0.0, 0.0, 0.0, 0.0, 0.0, 0.0, 0.0, 0.0, 0.0, 0.0, 0.0, 0.0, 0.0, 0.0, 0.0], [0.3173828125, 0.634765625, 1.26953125, 2.5390625, 5.078125, 10.15625, 20.3125, 40.625, 0.3173828423023224, 0.6347656846046448, -16.343839645385742, 2.539062738418579, 5.078125476837158, 10.156250953674316, 20.312501907348633, 40.625003814697266, 0.012207022868096828, 0.024414045736193657, 0.048828091472387314, 0.09765618294477463, 0.19531236588954926, 0.3906247317790985, 0.781249463558197, 1.562498927116394, 0.3173828125, 0.634765625, 1.26953125, 2.5390625, 5.078125, 10.15625, 20.3125, 40.625, 0.01220706570893526, 0.02441413141787052, 0.04882826283574104, 0.09765652567148209, 0.19531305134296417, 0.39062610268592834, 0.7812522053718567, 1.5625044107437134, 0.012207007966935635, 0.02441401593387127, 0.04882803186774254, 0.09765606373548508, 0.19531212747097015, 0.3906242549419403, 0.7812485098838806, 1.5624970197677612, 0.3173828125, 0.634765625, 1.26953125, 2.5390625, 5.078125, 10.15625, 20.3125, 40.625, 0.012206998653709888, 0.024413997307419777, 0.048827994614839554, 0.09765598922967911, 0.19531197845935822, 0.39062395691871643, 0.7812479138374329, 1.5624958276748657, 0.012207034975290298, 0.024414069950580597, 0.048828139901161194, 0.09765627980232239, 0.19531255960464478, 0.39062511920928955, 0.7812502384185791, 1.5625004768371582, 0.012207050807774067, 0.024414101615548134, 0.04882820323109627, 0.09765640646219254, 0.19531281292438507, 0.39062562584877014, 0.7812512516975403, 1.5625025033950806, 0.012207007966935635, 0.02441401593387127, 0.04882803186774254, 0.09765606373548508, 0.19531212747097015, 0.3906242549419403, 0.7812485098838806, 1.5624970197677612, 0.06103515625, 0.1220703125, 0.244140625, 0.48828125, 0.9765625, 1.953125, 3.90625, 7.8125, 0.0, 0.0, 0.0, 0.0, 0.0, 0.0, 0.0, 0.0, 0.0, 0.0, 0.0, 0.0, 0.0, 0.0, 0.0, 0.0], [0.634765625, 1.26953125, 2.5390625, 5.078125, 10.15625, 20.3125, 40.625, 81.25, 0.6347656846046448, 1.2695313692092896, 2.539062738418579, -30.148616790771484, 10.156250953674316, 20.312501907348633, 40.625003814697266, 81.25000762939453, 0.024414045736193657, 0.048828091472387314, 0.09765618294477463, 0.19531236588954926, 0.3906247317790985, 0.781249463558197, 1.562498927116394, 3.124997854232788, 0.634765625, 1.26953125, 2.5390625, 5.078125, 10.15625, 20.3125, 40.625, 81.25, 0.02441413141787052, 0.04882826283574104, 0.09765652567148209, 0.19531305134296417, 0.39062610268592834, 0.7812522053718567, 1.5625044107437134, 3.1250088214874268, 0.02441401593387127, 0.04882803186774254, 0.09765606373548508, 0.19531212747097015, 0.3906242549419403, 0.7812485098838806, 1.5624970197677612, 3.1249940395355225, 0.634765625, 1.26953125, 2.5390625, 5.078125, 10.15625, 20.3125, 40.625, 81.25, 0.024413997307419777, 0.048827994614839554, 0.09765598922967911, 0.19531197845935822, 0.39062395691871643, 0.7812479138374329, 1.5624958276748657, 3.1249916553497314, 0.024414069950580597, 0.048828139901161194, 0.09765627980232239, 0.19531255960464478, 0.39062511920928955, 0.7812502384185791, 1.5625004768371582, 3.1250009536743164, 0.024414101615548134, 0.04882820323109627, 0.09765640646219254, 0.19531281292438507, 0.39062562584877014, 0.7812512516975403, 1.5625025033950806, 3.125005006790161, 0.02441401593387127, 0.04882803186774254, 0.09765606373548508, 0.19531212747097015, 0.3906242549419403, 0.7812485098838806, 1.5624970197677612, 3.1249940395355225, 0.1220703125, 0.244140625, 0.48828125, 0.9765625, 1.953125, 3.90625, 7.8125, 15.625, 0.0, 0.0, 0.0, 0.0, 0.0, 0.0, 0.0, 0.0, 0.0, 0.0, 0.0, 0.0, 0.0, 0.0, 0.0, 0.0], [1.26953125, 2.5390625, 5.078125, 10.15625, 20.3125, 40.625, 81.25, 162.5, 1.2695313692092896, 2.539062738418579, 5.078125476837158, 10.156250953674316, -50.14098358154297, 40.625003814697266, 81.25000762939453, 162.50001525878906, 0.048828091472387314, 0.09765618294477463, 0.19531236588954926, 0.3906247317790985, 0.781249463558197, 1.562498927116394, 3.124997854232788, 6.249995708465576, 1.26953125, 2.5390625, 5.078125, 10.15625, 20.3125, 40.625, 81.25, 162.5, 0.04882826283574104, 0.09765652567148209, 0.19531305134296417, 0.39062610268592834, 0.7812522053718567, 1.5625044107437134, 3.1250088214874268, 6.2500176429748535, 0.04882803186774254, 0.09765606373548508, 0.19531212747097015, 0.3906242549419403, 0.7812485098838806, 1.5624970197677612, 3.1249940395355225, 6.249988079071045, 1.26953125, 2.5390625, 5.078125, 10.15625, 20.3125, 40.625, 81.25, 162.5, 0.048827994614839554, 0.09765598922967911, 0.19531197845935822, 0.39062395691871643, 0.7812479138374329, 1.5624958276748657, 3.1249916553497314, 6.249983310699463, 0.048828139901161194, 0.09765627980232239, 0.19531255960464478, 0.39062511920928955, 0.7812502384185791, 1.5625004768371582, 3.1250009536743164, 6.250001907348633, 0.04882820323109627, 0.09765640646219254, 0.19531281292438507, 0.39062562584877014, 0.7812512516975403, 1.5625025033950806, 3.125005006790161, 6.250010013580322, 0.04882803186774254, 0.09765606373548508, 0.19531212747097015, 0.3906242549419403, 0.7812485098838806, 1.5624970197677612, 3.1249940395355225, 6.249988079071045, 0.244140625, 0.48828125, 0.9765625, 1.953125, 3.90625, 7.8125, 15.625, 31.25, 0.0, 0.0, 0.0, 0.0, 0.0, 0.0, 0.0, 0.0, 0.0, 0.0, 0.0, 0.0, 0.0, 0.0, 0.0, 0.0], [2.5390625, 5.078125, 10.15625, 20.3125, 40.625, 81.25, 162.5, 325.0, 2.539062738418579, 5.078125476837158, 10.156250953674316, 20.312501907348633, 40.625003814697266, -59.656959533691406, 162.50001525878906, 325.0000305175781, 0.09765618294477463, 0.19531236588954926, 0.3906247317790985, 0.781249463558197, 1.562498927116394, 3.124997854232788, 6.249995708465576, 12.499991416931152, 2.5390625, 5.078125, 10.15625, 20.3125, 40.625, 81.25, 162.5, 325.0, 0.09765652567148209, 0.19531305134296417, 0.39062610268592834, 0.7812522053718567, 1.5625044107437134, 3.1250088214874268, 6.2500176429748535, 12.500035285949707, 0.09765606373548508, 0.19531212747097015, 0.3906242549419403, 0.7812485098838806, 1.5624970197677612, 3.1249940395355225, 6.249988079071045, 12.49997615814209, 2.5390625, 5.078125, 10.15625, 20.3125, 40.625, 81.25, 162.5, 325.0, 0.09765598922967911, 0.19531197845935822, 0.39062395691871643, 0.7812479138374329, 1.5624958276748657, 3.1249916553497314, 6.249983310699463, 12.499966621398926, 0.09765627980232239, 0.19531255960464478, 0.39062511920928955, 0.7812502384185791, 1.5625004768371582, 3.1250009536743164, 6.250001907348633, 12.500003814697266, 0.09765640646219254, 0.19531281292438507, 0.39062562584877014, 0.7812512516975403, 1.5625025033950806, 3.125005006790161, 6.250010013580322, 12.500020027160645, 0.09765606373548508, 0.19531212747097015, 0.3906242549419403, 0.7812485098838806, 1.5624970197677612, 3.1249940395355225, 6.249988079071045, 12.49997615814209, 0.48828125, 0.9765625, 1.953125, 3.90625, 7.8125, 15.625, 31.25, 62.5, 0.0, 0.0, 0.0, 0.0, 0.0, 0.0, 0.0, 0.0, 0.0, 0.0, 0.0, 0.0, 0.0, 0.0, 0.0, 0.0], [5.078125, 10.15625, 20.3125, 40.625, 81.25, 162.5, 325.0, 650.0, 5.078125476837158, 10.156250953674316, 20.312501907348633, 40.625003814697266, 81.25000762939453, 162.50001525878906, 43.18608856201172, 650.0000610351562, 0.19531236588954926, 0.3906247317790985, 0.781249463558197, 1.562498927116394, 3.124997854232788, 6.249995708465576, 12.499991416931152, 24.999982833862305, 5.078125, 10.15625, 20.3125, 40.625, 81.25, 162.5, 325.0, 650.0, 0.19531305134296417, 0.39062610268592834, 0.7812522053718567, 1.5625044107437134, 3.1250088214874268, 6.2500176429748535, 12.500035285949707, 25.000070571899414, 0.19531212747097015, 0.3906242549419403, 0.7812485098838806, 1.5624970197677612, 3.1249940395355225, 6.249988079071045, 12.49997615814209, 24.99995231628418, 5.078125, 10.15625, 20.3125, 40.625, 81.25, 162.5, 325.0, 650.0, 0.19531197845935822, 0.39062395691871643, 0.7812479138374329, 1.5624958276748657, 3.1249916553497314, 6.249983310699463, 12.499966621398926, 24.99993324279785, 0.19531255960464478, 0.39062511920928955, 0.7812502384185791, 1.5625004768371582, 3.1250009536743164, 6.250001907348633, 12.500003814697266, 25.00000762939453, 0.19531281292438507, 0.39062562584877014, 0.7812512516975403, 1.5625025033950806, 3.125005006790161, 6.250010013580322, 12.500020027160645, 25.00004005432129, 0.19531212747097015, 0.3906242549419403, 0.7812485098838806, 1.5624970197677612, 3.1249940395355225, 6.249988079071045, 12.49997615814209, 24.99995231628418, 0.9765625, 1.953125, 3.90625, 7.8125, 15.625, 31.25, 62.5, 125.0, 0.0, 0.0, 0.0, 0.0, 0.0, 0.0, 0.0, 0.0, 0.0, 0.0, 0.0, 0.0, 0.0, 0.0, 0.0, 0.0], [10.15625, 20.3125, 40.625, 81.25, 162.5, 325.0, 650.0, 1300.0, 10.156250953674316, 20.312501907348633, 40.625003814697266, 81.25000762939453, 162.50001525878906, 325.0000305175781, 650.0000610351562, 736.3721923828125, 0.3906247317790985, 0.781249463558197, 1.562498927116394, 3.124997854232788, 6.249995708465576, 12.499991416931152, 24.999982833862305, 49.99996566772461, 10.15625, 20.3125, 40.625, 81.25, 162.5, 325.0, 650.0, 1300.0, 0.39062610268592834, 0.7812522053718567, 1.5625044107437134, 3.1250088214874268, 6.2500176429748535, 12.500035285949707, 25.000070571899414, 50.00014114379883, 0.3906242549419403, 0.7812485098838806, 1.5624970197677612, 3.1249940395355225, 6.249988079071045, 12.49997615814209, 24.99995231628418, 49.99990463256836, 10.15625, 20.3125, 40.625, 81.25, 162.5, 325.0, 650.0, 1300.0, 0.39062395691871643, 0.7812479138374329, 1.5624958276748657, 3.1249916553497314, 6.249983310699463, 12.499966621398926, 24.99993324279785, 49.9998664855957, 0.39062511920928955, 0.7812502384185791, 1.5625004768371582, 3.1250009536743164, 6.250001907348633, 12.500003814697266, 25.00000762939453, 50.00001525878906, 0.39062562584877014, 0.7812512516975403, 1.5625025033950806, 3.125005006790161, 6.250010013580322, 12.500020027160645, 25.00004005432129, 50.00008010864258, 0.3906242549419403, 0.7812485098838806, 1.5624970197677612, 3.1249940395355225, 6.249988079071045, 12.49997615814209, 24.99995231628418, 49.99990463256836, 1.953125, 3.90625, 7.8125, 15.625, 31.25, 62.5, 125.0, 250.0, 0.0, 0.0, 0.0, 0.0, 0.0, 0.0, 0.0, 0.0, 0.0, 0.0, 0.0, 0.0, 0.0, 0.0, 0.0, 0.0], [0.0030517580453306437, 0.006103516090661287, 0.012207032181322575, 0.02441406436264515, 0.0488281287252903, 0.0976562574505806, 0.1953125149011612, 0.3906250298023224, 0.003051755717024207, 0.006103511434048414, 0.012207022868096828, 0.024414045736193657, 0.048828091472387314, 0.09765618294477463, 0.19531236588954926, 0.3906247317790985, -1.5594247579574585, 0.006103517487645149, 0.012207034975290298, 0.024414069950580597, 0.048828139901161194, 0.09765627980232239, 0.19531255960464478, 0.39062511920928955, 0.003051757114008069, 0.006103514228016138, 0.012207028456032276, 0.024414056912064552, 0.048828113824129105, 0.09765622764825821, 0.19531245529651642, 0.39062491059303284, 0.0030517554841935635, 0.006103510968387127, 0.012207021936774254, 0.024414043873548508, 0.048828087747097015, 0.09765617549419403, 0.19531235098838806, 0.3906247019767761, 0.00305176037363708, 0.00610352074727416, 0.01220704149454832, 0.02441408298909664, 0.04882816597819328, 0.09765633195638657, 0.19531266391277313, 0.39062532782554626, 0.0030517582781612873, 0.006103516556322575, 0.01220703311264515, 0.0244140662252903, 0.0488281324505806, 0.0976562649011612, 0.1953125298023224, 0.3906250596046448, 0.003051761770620942, 0.006103523541241884, 0.012207047082483768, 0.024414094164967537, 0.048828188329935074, 0.09765637665987015, 0.1953127533197403, 0.3906255066394806, 0.0030517575796693563, 0.006103515159338713, 0.012207030318677425, 0.02441406063735485, 0.0488281212747097, 0.0976562425494194, 0.1953124850988388, 0.3906249701976776, 0.003051756415516138, 0.006103512831032276, 0.012207025662064552, 0.024414051324129105, 0.04882810264825821, 0.09765620529651642, 0.19531241059303284, 0.3906248211860657, 0.003051760606467724, 0.006103521212935448, 0.012207042425870895, 0.02441408485174179, 0.04882816970348358, 0.09765633940696716, 0.19531267881393433, 0.39062535762786865, 0.0, 0.0, 0.0, 0.0, 0.0, 0.0, 0.0, 0.0, 0.0, 0.0, 0.0, 0.0, 0.0, 0.0, 0.0, 0.0, 0.0, 0.0, 0.0, 0.0, 0.0, 0.0, 0.0, 0.0], [0.006103516090661287, 0.012207032181322575, 0.02441406436264515, 0.0488281287252903, 0.0976562574505806, 0.1953125149011612, 0.3906250298023224, 0.7812500596046448, 0.006103511434048414, 0.012207022868096828, 0.024414045736193657, 0.048828091472387314, 0.09765618294477463, 0.19531236588954926, 0.3906247317790985, 0.781249463558197, 0.006103517487645149, -3.112746000289917, 0.024414069950580597, 0.048828139901161194, 0.09765627980232239, 0.19531255960464478, 0.39062511920928955, 0.7812502384185791, 0.006103514228016138, 0.012207028456032276, 0.024414056912064552, 0.048828113824129105, 0.09765622764825821, 0.19531245529651642, 0.39062491059303284, 0.7812498211860657, 0.006103510968387127, 0.012207021936774254, 0.024414043873548508, 0.048828087747097015, 0.09765617549419403, 0.19531235098838806, 0.3906247019767761, 0.7812494039535522, 0.00610352074727416, 0.01220704149454832, 0.02441408298909664, 0.04882816597819328, 0.09765633195638657, 0.19531266391277313, 0.39062532782554626, 0.7812506556510925, 0.006103516556322575, 0.01220703311264515, 0.0244140662252903, 0.0488281324505806, 0.0976562649011612, 0.1953125298023224, 0.3906250596046448, 0.7812501192092896, 0.006103523541241884, 0.012207047082483768, 0.024414094164967537, 0.048828188329935074, 0.09765637665987015, 0.1953127533197403, 0.3906255066394806, 0.7812510132789612, 0.006103515159338713, 0.012207030318677425, 0.02441406063735485, 0.0488281212747097, 0.0976562425494194, 0.1953124850988388, 0.3906249701976776, 0.7812499403953552, 0.006103512831032276, 0.012207025662064552, 0.024414051324129105, 0.04882810264825821, 0.09765620529651642, 0.19531241059303284, 0.3906248211860657, 0.7812496423721313, 0.006103521212935448, 0.012207042425870895, 0.02441408485174179, 0.04882816970348358, 0.09765633940696716, 0.19531267881393433, 0.39062535762786865, 0.7812507152557373, 0.0, 0.0, 0.0, 0.0, 0.0, 0.0, 0.0, 0.0, 0.0, 0.0, 0.0, 0.0, 0.0, 0.0, 0.0, 0.0, 0.0, 0.0, 0.0, 0.0, 0.0, 0.0, 0.0, 0.0], [0.012207032181322575, 0.02441406436264515, 0.0488281287252903, 0.0976562574505806, 0.1953125149011612, 0.3906250298023224, 0.7812500596046448, 1.5625001192092896, 0.012207022868096828, 0.024414045736193657, 0.048828091472387314, 0.09765618294477463, 0.19531236588954926, 0.3906247317790985, 0.781249463558197, 1.562498927116394, 0.012207034975290298, 0.024414069950580597, -6.201077938079834, 0.09765627980232239, 0.19531255960464478, 0.39062511920928955, 0.7812502384185791, 1.5625004768371582, 0.012207028456032276, 0.024414056912064552, 0.048828113824129105, 0.09765622764825821, 0.19531245529651642, 0.39062491059303284, 0.7812498211860657, 1.5624996423721313, 0.012207021936774254, 0.024414043873548508, 0.048828087747097015, 0.09765617549419403, 0.19531235098838806, 0.3906247019767761, 0.7812494039535522, 1.5624988079071045, 0.01220704149454832, 0.02441408298909664, 0.04882816597819328, 0.09765633195638657, 0.19531266391277313, 0.39062532782554626, 0.7812506556510925, 1.562501311302185, 0.01220703311264515, 0.0244140662252903, 0.0488281324505806, 0.0976562649011612, 0.1953125298023224, 0.3906250596046448, 0.7812501192092896, 1.562500238418579, 0.012207047082483768, 0.024414094164967537, 0.048828188329935074, 0.09765637665987015, 0.1953127533197403, 0.3906255066394806, 0.7812510132789612, 1.5625020265579224, 0.012207030318677425, 0.02441406063735485, 0.0488281212747097, 0.0976562425494194, 0.1953124850988388, 0.3906249701976776, 0.7812499403953552, 1.5624998807907104, 0.012207025662064552, 0.024414051324129105, 0.04882810264825821, 0.09765620529651642, 0.19531241059303284, 0.3906248211860657, 0.7812496423721313, 1.5624992847442627, 0.012207042425870895, 0.02441408485174179, 0.04882816970348358, 0.09765633940696716, 0.19531267881393433, 0.39062535762786865, 0.7812507152557373, 1.5625014305114746, 0.0, 0.0, 0.0, 0.0, 0.0, 0.0, 0.0, 0.0, 0.0, 0.0, 0.0, 0.0, 0.0, 0.0, 0.0, 0.0, 0.0, 0.0, 0.0, 0.0, 0.0, 0.0, 0.0, 0.0], [0.02441406436264515, 0.0488281287252903, 0.0976562574505806, 0.1953125149011612, 0.3906250298023224, 0.7812500596046448, 1.5625001192092896, 3.125000238418579, 0.024414045736193657, 0.048828091472387314, 0.09765618294477463, 0.19531236588954926, 0.3906247317790985, 0.781249463558197, 1.562498927116394, 3.124997854232788, 0.024414069950580597, 0.048828139901161194, 0.09765627980232239, -12.304499626159668, 0.39062511920928955, 0.7812502384185791, 1.5625004768371582, 3.1250009536743164, 0.024414056912064552, 0.048828113824129105, 0.09765622764825821, 0.19531245529651642, 0.39062491059303284, 0.7812498211860657, 1.5624996423721313, 3.1249992847442627, 0.024414043873548508, 0.048828087747097015, 0.09765617549419403, 0.19531235098838806, 0.3906247019767761, 0.7812494039535522, 1.5624988079071045, 3.124997615814209, 0.02441408298909664, 0.04882816597819328, 0.09765633195638657, 0.19531266391277313, 0.39062532782554626, 0.7812506556510925, 1.562501311302185, 3.12500262260437, 0.0244140662252903, 0.0488281324505806, 0.0976562649011612, 0.1953125298023224, 0.3906250596046448, 0.7812501192092896, 1.562500238418579, 3.125000476837158, 0.024414094164967537, 0.048828188329935074, 0.09765637665987015, 0.1953127533197403, 0.3906255066394806, 0.7812510132789612, 1.5625020265579224, 3.1250040531158447, 0.02441406063735485, 0.0488281212747097, 0.0976562425494194, 0.1953124850988388, 0.3906249701976776, 0.7812499403953552, 1.5624998807907104, 3.124999761581421, 0.024414051324129105, 0.04882810264825821, 0.09765620529651642, 0.19531241059303284, 0.3906248211860657, 0.7812496423721313, 1.5624992847442627, 3.1249985694885254, 0.02441408485174179, 0.04882816970348358, 0.09765633940696716, 0.19531267881393433, 0.39062535762786865, 0.7812507152557373, 1.5625014305114746, 3.125002861022949, 0.0, 0.0, 0.0, 0.0, 0.0, 0.0, 0.0, 0.0, 0.0, 0.0, 0.0, 0.0, 0.0, 0.0, 0.0, 0.0, 0.0, 0.0, 0.0, 0.0, 0.0, 0.0, 0.0, 0.0], [0.0488281287252903, 0.0976562574505806, 0.1953125149011612, 0.3906250298023224, 0.7812500596046448, 1.5625001192092896, 3.125000238418579, 6.250000476837158, 0.048828091472387314, 0.09765618294477463, 0.19531236588954926, 0.3906247317790985, 0.781249463558197, 1.562498927116394, 3.124997854232788, 6.249995708465576, 0.048828139901161194, 0.09765627980232239, 0.19531255960464478, 0.39062511920928955, -24.218374252319336, 1.5625004768371582, 3.1250009536743164, 6.250001907348633, 0.048828113824129105, 0.09765622764825821, 0.19531245529651642, 0.39062491059303284, 0.7812498211860657, 1.5624996423721313, 3.1249992847442627, 6.249998569488525, 0.048828087747097015, 0.09765617549419403, 0.19531235098838806, 0.3906247019767761, 0.7812494039535522, 1.5624988079071045, 3.124997615814209, 6.249995231628418, 0.04882816597819328, 0.09765633195638657, 0.19531266391277313, 0.39062532782554626, 0.7812506556510925, 1.562501311302185, 3.12500262260437, 6.25000524520874, 0.0488281324505806, 0.0976562649011612, 0.1953125298023224, 0.3906250596046448, 0.7812501192092896, 1.562500238418579, 3.125000476837158, 6.250000953674316, 0.048828188329935074, 0.09765637665987015, 0.1953127533197403, 0.3906255066394806, 0.7812510132789612, 1.5625020265579