{"size": [112, 112], "args": [["A12.csv", "A13.csv", "A14.csv", "A15.csv", "A16.csv", "A17.csv", "A18.csv", "A19.csv", "A20.csv", "A21.csv", "A22.csv"], 0.3, 0.5, 0.5, 0.2, 5, [64, 32, 16], [[100.0, 100.0, 100.0, 100.0], [10.0, 10.0, 10.0, 10.0], [50.0, 50.0, 50.0, 50.0], [200.0, 200.0, 200.0, 200.0]]], "c": [10.0, 10.0, 10.0, 10.0], "tag": "r11-12-13-14-15-16-17-18-19-20-21-0.3-0.5-0.5-0.2-5-10.0-10.0-10.0-10.0-112x112", "data:": {"q": {"x1": [0.0], "x2": [0.0], "x3": [0.0], "x4": [0.0], "x5": [0.0], "x6": [0.0], "x7": [0.125], "x8": [0.0625], "x9": [0.8125], "x10": [0.0], "x11": [0.0]}, "program": "minimize(list(x1,x2,x3,x4,x5,x6,x7,x8,x9,x10,x11),((0.00050280851*x1*x1)+(-0.00019062827545936423*x1*x2)+(-4.031530205846567e-05*x1*x3)+(0.0007700176504322732*x1*x4)+(6.192713992171585e-05*x1*x5)+(0.00048811123386023885*x1*x6)+(-0.00023036235438285524*x1*x7)+(-8.794945473561527e-05*x1*x8)+(0.00017771429542756334*x1*x9)+(-0.00028016271120196974*x1*x10)+(1.8261617634297466e-05*x1*x11)+(-0.00019062827545936423*x2*x1)+(0.0002215961095*x2*x2)+(4.138051815909238e-05*x2*x3)+(-0.00026616938600436315*x2*x4)+(-2.6005447507047694e-05*x2*x5)+(-0.00019009026157816382*x2*x6)+(0.00038132936867621534*x2*x7)+(9.12582481698027e-05*x2*x8)+(-7.144269058242879e-05*x2*x9)+(0.0003274615890845067*x2*x10)+(-6.948233787202782e-06*x2*x11)+(-4.031530205846567e-05*x3*x1)+(4.138051815909238e-05*x3*x2)+(1.033340535e-05*x3*x3)+(-6.673337963305604e-05*x3*x4)+(-3.8409998700419695e-07*x3*x5)+(-3.770919999804347e-05*x3*x6)+(5.0682785566240185e-05*x3*x7)+(2.149816919905578e-05*x3*x8)+(-1.2906774843073148e-05*x3*x9)+(6.069472466996569e-05*x3*x10)+(7.830762370487581e-07*x3*x11)+(0.0007700176504322732*x4*x1)+(-0.00026616938600436315*x4*x2)+(-6.673337963305604e-05*x4*x3)+(0.001219171765*x4*x4)+(7.562576050701523e-05*x4*x5)+(0.0007380159825363063*x4*x6)+(-0.00023041520169260102*x4*x7)+(-0.00014086357313986166*x4*x8)+(0.00026378168779700494*x4*x9)+(-0.00038925522235463056*x4*x10)+(1.9545642861722545e-05*x4*x11)+(6.192713992171585e-05*x5*x1)+(-2.6005447507047694e-05*x5*x2)+(-3.8409998700419695e-07*x5*x3)+(7.562576050701523e-05*x5*x4)+(1.76012048e-05*x5*x5)+(6.476448698375362e-05*x5*x6)+(-7.124303554703252e-05*x5*x7)+(-3.260291775633701e-06*x5*x8)+(2.601586810319568e-05*x5*x9)+(-3.910717150957514e-05*x5*x10)+(6.701513687147297e-06*x5*x11)+(0.00048811123386023885*x6*x1)+(-0.00019009026157816382*x6*x2)+(-3.770919999804347e-05*x6*x3)+(0.0007380159825363063*x6*x4)+(6.476448698375362e-05*x6*x5)+(0.000476109129*x6*x6)+(-0.00025094866257730354*x6*x7)+(-8.340248266012542e-05*x6*x8)+(0.0001745215178258947*x6*x9)+(-0.0002798260167923604*x6*x10)+(1.977381483915984e-05*x6*x11)+(-0.00023036235438285524*x7*x1)+(0.00038132936867621534*x7*x2)+(5.0682785566240185e-05*x7*x3)+(-0.00023041520169260102*x7*x4)+(-7.124303554703252e-05*x7*x5)+(-0.00025094866257730354*x7*x6)+(0.0008289611*x7*x7)+(0.00012168529988102242*x7*x8)+(-0.00010491538277051133*x7*x9)+(0.0005672198584384658*x7*x10)+(-2.540282805646928e-05*x7*x11)+(-8.794945473561527e-05*x8*x1)+(9.12582481698027e-05*x8*x2)+(2.149816919905578e-05*x8*x3)+(-0.00014086357313986166*x8*x4)+(-3.260291775633701e-06*x8*x5)+(-8.340248266012542e-05*x8*x6)+(0.00012168529988102242*x8*x7)+(4.5209583e-05*x8*x8)+(-2.91667702333832e-05*x8*x9)+(0.00013407502626712708*x8*x10)+(6.297422691107892e-07*x8*x11)+(0.00017771429542756334*x9*x1)+(-7.144269058242879e-05*x9*x2)+(-1.2906774843073148e-05*x9*x3)+(0.00026378168779700494*x9*x4)+(2.601586810319568e-05*x9*x5)+(0.0001745215178258947*x9*x6)+(-0.00010491538277051133*x9*x7)+(-2.91667702333832e-05*x9*x8)+(6.45818595e-05*x9*x9)+(-0.00010539697220660459*x9*x10)+(8.274801681695728e-06*x9*x11)+(-0.00028016271120196974*x10*x1)+(0.0003274615890845067*x10*x2)+(6.069472466996569e-05*x10*x3)+(-0.00038925522235463056*x10*x4)+(-3.910717150957514e-05*x10*x5)+(-0.0002798260167923604*x10*x6)+(0.0005672198584384658*x10*x7)+(0.00013407502626712708*x10*x8)+(-0.00010539697220660459*x10*x9)+(0.00048398427750000005*x10*x10)+(-1.0596258285851005e-05*x10*x11)+(1.8261617634297466e-05*x11*x1)+(-6.948233787202782e-06*x11*x2)+(7.830762370487581e-07*x11*x3)+(1.9545642861722545e-05*x11*x4)+(6.701513687147297e-06*x11*x5)+(1.977381483915984e-05*x11*x6)+(-2.540282805646928e-05*x11*x7)+(6.297422691107892e-07*x11*x8)+(8.274801681695728e-06*x11*x9)+(-1.0596258285851005e-05*x11*x10)+(2.6589402100000005e-06*x11*x11)-((-0.01*x1)+(-0.0185*x2)+(-0.0115*x3)+(-0.007*x4)+(-0.0225*x5)+(-0.0115*x6)+(-0.006*x7)+(-0.0115*x8)+(-0.006*x9)+(-0.017*x10)+(-0.02*x11))))\n & label('total', x1+x2+x3+x4+x5+x6+x7+x8+x9+x10+x11==1.0) & \nlabel('eqlimit', (0.0*x1)+(0.0*x2)+(0.0*x3)+(0.0*x4)+(3.3333333333333335*x5)+(0.0*x6)+(0.0*x7)+(3.3333333333333335*x8)+(0.0*x9)+(3.3333333333333335*x10)+(3.3333333333333335*x11)<1.0) & \nlabel('filimit', (2.0*x1)+(2.0*x2)+(0.0*x3)+(0.0*x4)+(0.0*x5)+(2.0*x6)+(0.0*x7)+(0.0*x8)+(0.0*x9)+(0.0*x10)+(0.0*x11)<1.0) & \nlabel('xxxlimit', (0.0*x1)+(0.0*x2)+(2.0*x3)+(2.0*x4)+(0.0*x5)+(0.0*x6)+(2.0*x7)+(0.0*x8)+(0.0*x9)+(0.0*x10)+(0.0*x11)<1.0)", "matrix": [[-0.17089582979679108, 0.0036960176657885313, 0.007392035331577063, 0.014784070663154125, 0.02956814132630825, 0.0591362826526165, 0.118272565305233, 0.236545130610466, 0.0018480087164789438, 0.0036960174329578876, 0.007392034865915775, 0.01478406973183155, 0.0295681394636631, 0.0591362789273262, 0.1182725578546524, 0.2365451157093048, 0.00015258802159223706, 0.0003051760431844741, 0.0006103520863689482, 0.0012207041727378964, 0.002441408345475793, 0.004882816690951586, 0.009765633381903172, 0.019531266763806343, 0.0018480088328942657, 0.0036960176657885313, 0.007392035331577063, 0.014784070663154125, 0.02956814132630825, 0.0591362826526165, 0.118272565305233, 0.236545130610466, 0.00015258749772328883, 0.00030517499544657767, 0.0006103499908931553, 0.0012206999817863107, 0.0024413999635726213, 0.004882799927145243, 0.009765599854290485, 0.01953119970858097, 0.0001525881962152198, 0.0003051763924304396, 0.0006103527848608792, 0.0012207055697217584, 0.0024414111394435167, 0.0048828222788870335, 0.009765644557774067, 0.019531289115548134, 0.0018480089493095875, 0.003696017898619175, 0.00739203579723835, 0.0147840715944767, 0.0295681431889534, 0.0591362863779068, 0.1182725727558136, 0.2365451455116272, 0.00015258818166330457, 0.00030517636332660913, 0.0006103527266532183, 0.0012207054533064365, 0.002441410906612873, 0.004882821813225746, 0.009765643626451492, 0.019531287252902985, 0.00015258790517691523, 0.00030517581035383046, 0.0006103516207076609, 0.0012207032414153218, 0.0024414064828306437, 0.004882812965661287, 0.009765625931322575, 0.01953125186264515, 0.0001525877887615934, 0.0003051755775231868, 0.0006103511550463736, 0.0012207023100927472, 0.0024414046201854944, 0.004882809240370989, 0.009765618480741978, 0.019531236961483955, 0.00015258816711138934, 0.0003051763342227787, 0.0006103526684455574, 0.0012207053368911147, 0.0024414106737822294, 0.004882821347564459, 0.009765642695128918, 0.019531285390257835, 0.0005086262826807797, 0.0010172525653615594, 0.0020345051307231188, 0.0040690102614462376, 0.008138020522892475, 0.01627604104578495, 0.0325520820915699, 0.0651041641831398, 0.0, 0.0, 0.0, 0.0, 0.0, 0.0, 0.0, 0.0, 0.0, 0.0, 0.0, 0.0, 0.0, 0.0, 0.0, 0.0], [0.0036960176657885313, -0.33809566497802734, 0.014784070663154125, 0.02956814132630825, 0.0591362826526165, 0.118272565305233, 0.236545130610466, 0.473090261220932, 0.0036960174329578876, 0.007392034865915775, 0.01478406973183155, 0.0295681394636631, 0.0591362789273262, 0.1182725578546524, 0.2365451157093048, 0.4730902314186096, 0.0003051760431844741, 0.0006103520863689482, 0.0012207041727378964, 0.002441408345475793, 0.004882816690951586, 0.009765633381903172, 0.019531266763806343, 0.039062533527612686, 0.0036960176657885313, 0.007392035331577063, 0.014784070663154125, 0.02956814132630825, 0.0591362826526165, 0.118272565305233, 0.236545130610466, 0.473090261220932, 0.00030517499544657767, 0.0006103499908931553, 0.0012206999817863107, 0.0024413999635726213, 0.004882799927145243, 0.009765599854290485, 0.01953119970858097, 0.03906239941716194, 0.0003051763924304396, 0.0006103527848608792, 0.0012207055697217584, 0.0024414111394435167, 0.0048828222788870335, 0.009765644557774067, 0.019531289115548134, 0.03906257823109627, 0.003696017898619175, 0.00739203579723835, 0.0147840715944767, 0.0295681431889534, 0.0591362863779068, 0.1182725727558136, 0.2365451455116272, 0.4730902910232544, 0.00030517636332660913, 0.0006103527266532183, 0.0012207054533064365, 0.002441410906612873, 0.004882821813225746, 0.009765643626451492, 0.019531287252902985, 0.03906257450580597, 0.00030517581035383046, 0.0006103516207076609, 0.0012207032414153218, 0.0024414064828306437, 0.004882812965661287, 0.009765625931322575, 0.01953125186264515, 0.0390625037252903, 0.0003051755775231868, 0.0006103511550463736, 0.0012207023100927472, 0.0024414046201854944, 0.004882809240370989, 0.009765618480741978, 0.019531236961483955, 0.03906247392296791, 0.0003051763342227787, 0.0006103526684455574, 0.0012207053368911147, 0.0024414106737822294, 0.004882821347564459, 0.009765642695128918, 0.019531285390257835, 0.03906257078051567, 0.0010172525653615594, 0.0020345051307231188, 0.0040690102614462376, 0.008138020522892475, 0.01627604104578495, 0.0325520820915699, 0.0651041641831398, 0.1302083283662796, 0.0, 0.0, 0.0, 0.0, 0.0, 0.0, 0.0, 0.0, 0.0, 0.0, 0.0, 0.0, 0.0, 0.0, 0.0, 0.0], [0.007392035331577063, 0.014784070663154125, -0.6614072322845459, 0.0591362826526165, 0.118272565305233, 0.236545130610466, 0.473090261220932, 0.946180522441864, 0.007392034865915775, 0.01478406973183155, 0.0295681394636631, 0.0591362789273262, 0.1182725578546524, 0.2365451157093048, 0.4730902314186096, 0.9461804628372192, 0.0006103520863689482, 0.0012207041727378964, 0.002441408345475793, 0.004882816690951586, 0.009765633381903172, 0.019531266763806343, 0.039062533527612686, 0.07812506705522537, 0.007392035331577063, 0.014784070663154125, 0.02956814132630825, 0.0591362826526165, 0.118272565305233, 0.236545130610466, 0.473090261220932, 0.946180522441864, 0.0006103499908931553, 0.0012206999817863107, 0.0024413999635726213, 0.004882799927145243, 0.009765599854290485, 0.01953119970858097, 0.03906239941716194, 0.07812479883432388, 0.0006103527848608792, 0.0012207055697217584, 0.0024414111394435167, 0.0048828222788870335, 0.009765644557774067, 0.019531289115548134, 0.03906257823109627, 0.07812515646219254, 0.00739203579723835, 0.0147840715944767, 0.0295681431889534, 0.0591362863779068, 0.1182725727558136, 0.2365451455116272, 0.4730902910232544, 0.9461805820465088, 0.0006103527266532183, 0.0012207054533064365, 0.002441410906612873, 0.004882821813225746, 0.009765643626451492, 0.019531287252902985, 0.03906257450580597, 0.07812514901161194, 0.0006103516207076609, 0.0012207032414153218, 0.0024414064828306437, 0.004882812965661287, 0.009765625931322575, 0.01953125186264515, 0.0390625037252903, 0.0781250074505806, 0.0006103511550463736, 0.0012207023100927472, 0.0024414046201854944, 0.004882809240370989, 0.009765618480741978, 0.019531236961483955, 0.03906247392296791, 0.07812494784593582, 0.0006103526684455574, 0.0012207053368911147, 0.0024414106737822294, 0.004882821347564459, 0.009765642695128918, 0.019531285390257835, 0.03906257078051567, 0.07812514156103134, 0.0020345051307231188, 0.0040690102614462376, 0.008138020522892475, 0.01627604104578495, 0.0325520820915699, 0.0651041641831398, 0.1302083283662796, 0.2604166567325592, 0.0, 0.0, 0.0, 0.0, 0.0, 0.0, 0.0, 0.0, 0.0, 0.0, 0.0, 0.0, 0.0, 0.0, 0.0, 0.0], [0.014784070663154125, 0.02956814132630825, 0.0591362826526165, -1.2636781930923462, 0.236545130610466, 0.473090261220932, 0.946180522441864, 1.892361044883728, 0.01478406973183155, 0.0295681394636631, 0.0591362789273262, 0.1182725578546524, 0.2365451157093048, 0.4730902314186096, 0.9461804628372192, 1.8923609256744385, 0.0012207041727378964, 0.002441408345475793, 0.004882816690951586, 0.009765633381903172, 0.019531266763806343, 0.039062533527612686, 0.07812506705522537, 0.15625013411045074, 0.014784070663154125, 0.02956814132630825, 0.0591362826526165, 0.118272565305233, 0.236545130610466, 0.473090261220932, 0.946180522441864, 1.892361044883728, 0.0012206999817863107, 0.0024413999635726213, 0.004882799927145243, 0.009765599854290485, 0.01953119970858097, 0.03906239941716194, 0.07812479883432388, 0.15624959766864777, 0.0012207055697217584, 0.0024414111394435167, 0.0048828222788870335, 0.009765644557774067, 0.019531289115548134, 0.03906257823109627, 0.07812515646219254, 0.15625031292438507, 0.0147840715944767, 0.0295681431889534, 0.0591362863779068, 0.1182725727558136, 0.2365451455116272, 0.4730902910232544, 0.9461805820465088, 1.8923611640930176, 0.0012207054533064365, 0.002441410906612873, 0.004882821813225746, 0.009765643626451492, 0.019531287252902985, 0.03906257450580597, 0.07812514901161194, 0.15625029802322388, 0.0012207032414153218, 0.0024414064828306437, 0.004882812965661287, 0.009765625931322575, 0.01953125186264515, 0.0390625037252903, 0.0781250074505806, 0.1562500149011612, 0.0012207023100927472, 0.0024414046201854944, 0.004882809240370989, 0.009765618480741978, 0.019531236961483955, 0.03906247392296791, 0.07812494784593582, 0.15624989569187164, 0.0012207053368911147, 0.0024414106737822294, 0.004882821347564459, 0.009765642695128918, 0.019531285390257835, 0.03906257078051567, 0.07812514156103134, 0.15625028312206268, 0.0040690102614462376, 0.008138020522892475, 0.01627604104578495, 0.0325520820915699, 0.0651041641831398, 0.1302083283662796, 0.2604166567325592, 0.5208333134651184, 0.0, 0.0, 0.0, 0.0, 0.0, 0.0, 0.0, 0.0, 0.0, 0.0, 0.0, 0.0, 0.0, 0.0, 0.0, 0.0], [0.02956814132630825, 0.0591362826526165, 0.118272565305233, 0.236545130610466, -2.290811061859131, 0.946180522441864, 1.892361044883728, 3.784722089767456, 0.0295681394636631, 0.0591362789273262, 0.1182725578546524, 0.2365451157093048, 0.4730902314186096, 0.9461804628372192, 1.8923609256744385, 3.784721851348877, 0.002441408345475793, 0.004882816690951586, 0.009765633381903172, 0.019531266763806343, 0.039062533527612686, 0.07812506705522537, 0.15625013411045074, 0.3125002682209015, 0.02956814132630825, 0.0591362826526165, 0.118272565305233, 0.236545130610466, 0.473090261220932, 0.946180522441864, 1.892361044883728, 3.784722089767456, 0.0024413999635726213, 0.004882799927145243, 0.009765599854290485, 0.01953119970858097, 0.03906239941716194, 0.07812479883432388, 0.15624959766864777, 0.31249919533729553, 0.0024414111394435167, 0.0048828222788870335, 0.009765644557774067, 0.019531289115548134, 0.03906257823109627, 0.07812515646219254, 0.15625031292438507, 0.31250062584877014, 0.0295681431889534, 0.0591362863779068, 0.1182725727558136, 0.2365451455116272, 0.4730902910232544, 0.9461805820465088, 1.8923611640930176, 3.784722328186035, 0.002441410906612873, 0.004882821813225746, 0.009765643626451492, 0.019531287252902985, 0.03906257450580597, 0.07812514901161194, 0.15625029802322388, 0.31250059604644775, 0.0024414064828306437, 0.004882812965661287, 0.009765625931322575, 0.01953125186264515, 0.0390625037252903, 0.0781250074505806, 0.1562500149011612, 0.3125000298023224, 0.0024414046201854944, 0.004882809240370989, 0.009765618480741978, 0.019531236961483955, 0.03906247392296791, 0.07812494784593582, 0.15624989569187164, 0.3124997913837433, 0.0024414106737822294, 0.004882821347564459, 0.009765642695128918, 0.019531285390257835, 0.03906257078051567, 0.07812514156103134, 0.15625028312206268, 0.31250056624412537, 0.008138020522892475, 0.01627604104578495, 0.0325520820915699, 0.0651041641831398, 0.1302083283662796, 0.2604166567325592, 0.5208333134651184, 1.0416666269302368, 0.0, 0.0, 0.0, 0.0, 0.0, 0.0, 0.0, 0.0, 0.0, 0.0, 0.0, 0.0, 0.0, 0.0, 0.0, 0.0], [0.0591362826526165, 0.118272565305233, 0.236545130610466, 0.473090261220932, 0.946180522441864, -3.635441780090332, 3.784722089767456, 7.569444179534912, 0.0591362789273262, 0.1182725578546524, 0.2365451157093048, 0.4730902314186096, 0.9461804628372192, 1.8923609256744385, 3.784721851348877, 7.569443702697754, 0.004882816690951586, 0.009765633381903172, 0.019531266763806343, 0.039062533527612686, 0.07812506705522537, 0.15625013411045074, 0.3125002682209015, 0.625000536441803, 0.0591362826526165, 0.118272565305233, 0.236545130610466, 0.473090261220932, 0.946180522441864, 1.892361044883728, 3.784722089767456, 7.569444179534912, 0.004882799927145243, 0.009765599854290485, 0.01953119970858097, 0.03906239941716194, 0.07812479883432388, 0.15624959766864777, 0.31249919533729553, 0.6249983906745911, 0.0048828222788870335, 0.009765644557774067, 0.019531289115548134, 0.03906257823109627, 0.07812515646219254, 0.15625031292438507, 0.31250062584877014, 0.6250012516975403, 0.0591362863779068, 0.1182725727558136, 0.2365451455116272, 0.4730902910232544, 0.9461805820465088, 1.8923611640930176, 3.784722328186035, 7.56944465637207, 0.004882821813225746, 0.009765643626451492, 0.019531287252902985, 0.03906257450580597, 0.07812514901161194, 0.15625029802322388, 0.31250059604644775, 0.6250011920928955, 0.004882812965661287, 0.009765625931322575, 0.01953125186264515, 0.0390625037252903, 0.0781250074505806, 0.1562500149011612, 0.3125000298023224, 0.6250000596046448, 0.004882809240370989, 0.009765618480741978, 0.019531236961483955, 0.03906247392296791, 0.07812494784593582, 0.15624989569187164, 0.3124997913837433, 0.6249995827674866, 0.004882821347564459, 0.009765642695128918, 0.019531285390257835, 0.03906257078051567, 0.07812514156103134, 0.15625028312206268, 0.31250056624412537, 0.6250011324882507, 0.01627604104578495, 0.0325520820915699, 0.0651041641831398, 0.1302083283662796, 0.2604166567325592, 0.5208333134651184, 1.0416666269302368, 2.0833332538604736, 0.0, 0.0, 0.0, 0.0, 0.0, 0.0, 0.0, 0.0, 0.0, 0.0, 0.0, 0.0, 0.0, 0.0, 0.0, 0.0], [0.118272565305233, 0.236545130610466, 0.473090261220932, 0.946180522441864, 1.892361044883728, 3.784722089767456, -3.486161470413208, 15.138888359069824, 0.1182725578546524, 0.2365451157093048, 0.4730902314186096, 0.9461804628372192, 1.8923609256744385, 3.784721851348877, 7.569443702697754, 15.138887405395508, 0.009765633381903172, 0.019531266763806343, 0.039062533527612686, 0.07812506705522537, 0.15625013411045074, 0.3125002682209015, 0.625000536441803, 1.250001072883606, 0.118272565305233, 0.236545130610466, 0.473090261220932, 0.946180522441864, 1.892361044883728, 3.784722089767456, 7.569444179534912, 15.138888359069824, 0.009765599854290485, 0.01953119970858097, 0.03906239941716194, 0.07812479883432388, 0.15624959766864777, 0.31249919533729553, 0.6249983906745911, 1.2499967813491821, 0.009765644557774067, 0.019531289115548134, 0.03906257823109627, 0.07812515646219254, 0.15625031292438507, 0.31250062584877014, 0.6250012516975403, 1.2500025033950806, 0.1182725727558136, 0.2365451455116272, 0.4730902910232544, 0.9461805820465088, 1.8923611640930176, 3.784722328186035, 7.56944465637207, 15.13888931274414, 0.009765643626451492, 0.019531287252902985, 0.03906257450580597, 0.07812514901161194, 0.15625029802322388, 0.31250059604644775, 0.6250011920928955, 1.250002384185791, 0.009765625931322575, 0.01953125186264515, 0.0390625037252903, 0.0781250074505806, 0.1562500149011612, 0.3125000298023224, 0.6250000596046448, 1.2500001192092896, 0.009765618480741978, 0.019531236961483955, 0.03906247392296791, 0.07812494784593582, 0.15624989569187164, 0.3124997913837433, 0.6249995827674866, 1.2499991655349731, 0.009765642695128918, 0.019531285390257835, 0.03906257078051567, 0.07812514156103134, 0.15625028312206268, 0.31250056624412537, 0.6250011324882507, 1.2500022649765015, 0.0325520820915699, 0.0651041641831398, 0.1302083283662796, 0.2604166567325592, 0.5208333134651184, 1.0416666269302368, 2.0833332538604736, 4.166666507720947, 0.0, 0.0, 0.0, 0.0, 0.0, 0.0, 0.0, 0.0, 0.0, 0.0, 0.0, 0.0, 0.0, 0.0, 0.0, 0.0], [0.236545130610466, 0.473090261220932, 0.946180522441864, 1.892361044883728, 3.784722089767456, 7.569444179534912, 15.138888359069824, 8.166566848754883, 0.2365451157093048, 0.4730902314186096, 0.9461804628372192, 1.8923609256744385, 3.784721851348877, 7.569443702697754, 15.138887405395508, 30.277774810791016, 0.019531266763806343, 0.039062533527612686, 0.07812506705522537, 0.15625013411045074, 0.3125002682209015, 0.625000536441803, 1.250001072883606, 2.500002145767212, 0.236545130610466, 0.473090261220932, 0.946180522441864, 1.892361044883728, 3.784722089767456, 7.569444179534912, 15.138888359069824, 30.27777671813965, 0.01953119970858097, 0.03906239941716194, 0.07812479883432388, 0.15624959766864777, 0.31249919533729553, 0.6249983906745911, 1.2499967813491821, 2.4999935626983643, 0.019531289115548134, 0.03906257823109627, 0.07812515646219254, 0.15625031292438507, 0.31250062584877014, 0.6250012516975403, 1.2500025033950806, 2.500005006790161, 0.2365451455116272, 0.4730902910232544, 0.9461805820465088, 1.8923611640930176, 3.784722328186035, 7.56944465637207, 15.13888931274414, 30.27777862548828, 0.019531287252902985, 0.03906257450580597, 0.07812514901161194, 0.15625029802322388, 0.31250059604644775, 0.6250011920928955, 1.250002384185791, 2.500004768371582, 0.01953125186264515, 0.0390625037252903, 0.0781250074505806, 0.1562500149011612, 0.3125000298023224, 0.6250000596046448, 1.2500001192092896, 2.500000238418579, 0.019531236961483955, 0.03906247392296791, 0.07812494784593582, 0.15624989569187164, 0.3124997913837433, 0.6249995827674866, 1.2499991655349731, 2.4999983310699463, 0.019531285390257835, 0.03906257078051567, 0.07812514156103134, 0.15625028312206268, 0.31250056624412537, 0.6250011324882507, 1.2500022649765015, 2.500004529953003, 0.0651041641831398, 0.1302083283662796, 0.2604166567325592, 0.5208333134651184, 1.0416666269302368, 2.0833332538604736, 4.166666507720947, 8.333333015441895, 0.0, 0.0, 0.0, 0.0, 0.0, 0.0, 0.0, 0.0, 0.0, 0.0, 0.0, 0.0, 0.0, 0.0, 0.0, 0.0], [0.0018480087164789438, 0.0036960174329578876, 0.007392034865915775, 0.01478406973183155, 0.0295681394636631, 0.0591362789273262, 0.1182725578546524, 0.2365451157093048, -0.17090754210948944, 0.0036960323341190815, 0.007392064668238163, 0.014784129336476326, 0.029568258672952652, 0.059136517345905304, 0.11827303469181061, 0.23654606938362122, 0.00015258627536240965, 0.0003051725507248193, 0.0006103451014496386, 0.0012206902028992772, 0.0024413804057985544, 0.004882760811597109, 0.009765521623194218, 0.019531043246388435, 0.0018480109283700585, 0.003696021856740117, 0.007392043713480234, 0.014784087426960468, 0.029568174853920937, 0.05913634970784187, 0.11827269941568375, 0.2365453988313675, 0.00015259654901456088, 0.00030519309802912176, 0.0006103861960582435, 0.001220772392116487, 0.002441544784232974, 0.004883089568465948, 0.009766179136931896, 0.019532358273863792, 0.0001525836269138381, 0.0003051672538276762, 0.0006103345076553524, 0.0012206690153107047, 0.0024413380306214094, 0.004882676061242819, 0.009765352122485638, 0.019530704244971275, 0.0018480082508176565, 0.003696016501635313, 0.007392033003270626, 0.014784066006541252, 0.029568132013082504, 0.05913626402616501, 0.11827252805233002, 0.23654505610466003, 0.00015258195344358683, 0.00030516390688717365, 0.0006103278137743473, 0.0012206556275486946, 0.0024413112550973892, 0.0048826225101947784, 0.009765245020389557, 0.019530490040779114, 0.00015258882194757462, 0.00030517764389514923, 0.0006103552877902985, 0.001220710575580597, 0.002441421151161194, 0.004882842302322388, 0.009765684604644775, 0.01953136920928955, 0.00015259288193192333, 0.00030518576386384666, 0.0006103715277276933, 0.0012207430554553866, 0.0024414861109107733, 0.0048829722218215466, 0.009765944443643093, 0.019531888887286186, 0.00015258361236192286, 0.0003051672247238457, 0.0006103344494476914, 0.0012206688988953829, 0.0024413377977907658, 0.0048826755955815315, 0.009765351191163063, 0.019530702382326126, 0.0005086262826807797, 0.0010172525653615594, 0.0020345051307231188, 0.0040690102614462376, 0.008138020522892475, 0.01627604104578495, 0.0325520820915699, 0.0651041641831398, 0.0, 0.0, 0.0, 0.0, 0.0, 0.0, 0.0, 0.0, 0.0, 0.0, 0.0, 0.0, 0.0, 0.0, 0.0, 0.0], [0.0036960174329578876, 0.007392034865915775, 0.01478406973183155, 0.0295681394636631, 0.0591362789273262, 0.1182725578546524, 0.2365451157093048, 0.4730902314186096, 0.0036960323341190815, -0.3381190598011017, 0.014784129336476326, 0.029568258672952652, 0.059136517345905304, 0.11827303469181061, 0.23654606938362122, 0.47309213876724243, 0.0003051725507248193, 0.0006103451014496386, 0.0012206902028992772, 0.0024413804057985544, 0.004882760811597109, 0.009765521623194218, 0.019531043246388435, 0.03906208649277687, 0.003696021856740117, 0.007392043713480234, 0.014784087426960468, 0.029568174853920937, 0.05913634970784187, 0.11827269941568375, 0.2365453988313675, 0.473090797662735, 0.00030519309802912176, 0.0006103861960582435, 0.001220772392116487, 0.002441544784232974, 0.004883089568465948, 0.009766179136931896, 0.019532358273863792, 0.039064716547727585, 0.0003051672538276762, 0.0006103345076553524, 0.0012206690153107047, 0.0024413380306214094, 0.004882676061242819, 0.009765352122485638, 0.019530704244971275, 0.03906140848994255, 0.003696016501635313, 0.007392033003270626, 0.014784066006541252, 0.029568132013082504, 0.05913626402616501, 0.11827252805233002, 0.23654505610466003, 0.47309011220932007, 0.00030516390688717365, 0.0006103278137743473, 0.0012206556275486946, 0.0024413112550973892, 0.0048826225101947784, 0.009765245020389557, 0.019530490040779114, 0.03906098008155823, 0.00030517764389514923, 0.0006103552877902985, 0.001220710575580597, 0.002441421151161194, 0.004882842302322388, 0.009765684604644775, 0.01953136920928955, 0.0390627384185791, 0.00030518576386384666, 0.0006103715277276933, 0.0012207430554553866, 0.0024414861109107733, 0.0048829722218215466, 0.009765944443643093, 0.019531888887286186, 0.03906377777457237, 0.0003051672247238457, 0.0006103344494476914, 0.0012206688988953829, 0.0024413377977907658, 0.0048826755955815315, 0.009765351191163063, 0.019530702382326126, 0.03906140476465225, 0.0010172525653615594, 0.0020345051307231188, 0.0040690102614462376, 0.008138020522892475, 0.01627604104578495, 0.0325520820915699, 0.0651041641831398, 0.1302083283662796, 0.0, 0.0, 0.0, 0.0, 0.0, 0.0, 0.0, 0.0, 0.0, 0.0, 0.0, 0.0, 0.0, 0.0, 0.0, 0.0], [0.007392034865915775, 0.01478406973183155, 0.0295681394636631, 0.0591362789273262, 0.1182725578546524, 0.2365451157093048, 0.4730902314186096, 0.9461804628372192, 0.007392064668238163, 0.014784129336476326, -0.6614539623260498, 0.059136517345905304, 0.11827303469181061, 0.23654606938362122, 0.47309213876724243, 0.9461842775344849, 0.0006103451014496386, 0.0012206902028992772, 0.0024413804057985544, 0.004882760811597109, 0.009765521623194218, 0.019531043246388435, 0.03906208649277687, 0.07812417298555374, 0.007392043713480234, 0.014784087426960468, 0.029568174853920937, 0.05913634970784187, 0.11827269941568375, 0.2365453988313675, 0.473090797662735, 0.94618159532547, 0.0006103861960582435, 0.001220772392116487, 0.002441544784232974, 0.004883089568465948, 0.009766179136931896, 0.019532358273863792, 0.039064716547727585, 0.07812943309545517, 0.0006103345076553524, 0.0012206690153107047, 0.0024413380306214094, 0.004882676061242819, 0.009765352122485638, 0.019530704244971275, 0.03906140848994255, 0.0781228169798851, 0.007392033003270626, 0.014784066006541252, 0.029568132013082504, 0.05913626402616501, 0.11827252805233002, 0.23654505610466003, 0.47309011220932007, 0.9461802244186401, 0.0006103278137743473, 0.0012206556275486946, 0.0024413112550973892, 0.0048826225101947784, 0.009765245020389557, 0.019530490040779114, 0.03906098008155823, 0.07812196016311646, 0.0006103552877902985, 0.001220710575580597, 0.002441421151161194, 0.004882842302322388, 0.009765684604644775, 0.01953136920928955, 0.0390627384185791, 0.0781254768371582, 0.0006103715277276933, 0.0012207430554553866, 0.0024414861109107733, 0.0048829722218215466, 0.009765944443643093, 0.019531888887286186, 0.03906377777457237, 0.07812755554914474, 0.0006103344494476914, 0.0012206688988953829, 0.0024413377977907658, 0.0048826755955815315, 0.009765351191163063, 0.019530702382326126, 0.03906140476465225, 0.0781228095293045, 0.0020345051307231188, 0.0040690102614462376, 0.008138020522892475, 0.01627604104578495, 0.0325520820915699, 0.0651041641831398, 0.1302083283662796, 0.2604166567325592, 0.0, 0.0, 0.0, 0.0, 0.0, 0.0, 0.0, 0.0, 0.0, 0.0, 0.0, 0.0, 0.0, 0.0, 0.0, 0.0], [0.01478406973183155, 0.0295681394636631, 0.0591362789273262, 0.1182725578546524, 0.2365451157093048, 0.4730902314186096, 0.9461804628372192, 1.8923609256744385, 0.014784129336476326, 0.029568258672952652, 0.059136517345905304, -1.2637715339660645, 0.23654606938362122, 0.47309213876724243, 0.9461842775344849, 1.8923685550689697, 0.0012206902028992772, 0.0024413804057985544, 0.004882760811597109, 0.009765521623194218, 0.019531043246388435, 0.03906208649277687, 0.07812417298555374, 0.15624834597110748, 0.014784087426960468, 0.029568174853920937, 0.05913634970784187, 0.11827269941568375, 0.2365453988313675, 0.473090797662735, 0.94618159532547, 1.89236319065094, 0.001220772392116487, 0.002441544784232974, 0.004883089568465948, 0.009766179136931896, 0.019532358273863792, 0.039064716547727585, 0.07812943309545517, 0.15625886619091034, 0.0012206690153107047, 0.0024413380306214094, 0.004882676061242819, 0.009765352122485638, 0.019530704244971275, 0.03906140848994255, 0.0781228169798851, 0.1562456339597702, 0.014784066006541252, 0.029568132013082504, 0.05913626402616501, 0.11827252805233002, 0.23654505610466003, 0.47309011220932007, 0.9461802244186401, 1.8923604488372803, 0.0012206556275486946, 0.0024413112550973892, 0.0048826225101947784, 0.009765245020389557, 0.019530490040779114, 0.03906098008155823, 0.07812196016311646, 0.1562439203262329, 0.001220710575580597, 0.002441421151161194, 0.004882842302322388, 0.009765684604644775, 0.01953136920928955, 0.0390627384185791, 0.0781254768371582, 0.1562509536743164, 0.0012207430554553866, 0.0024414861109107733, 0.0048829722218215466, 0.009765944443643093, 0.019531888887286186, 0.03906377777457237, 0.07812755554914474, 0.1562551110982895, 0.0012206688988953829, 0.0024413377977907658, 0.0048826755955815315, 0.009765351191163063, 0.019530702382326126, 0.03906140476465225, 0.0781228095293045, 0.156245619058609, 0.0040690102614462376, 0.008138020522892475, 0.01627604104578495, 0.0325520820915699, 0.0651041641831398, 0.1302083283662796, 0.2604166567325592, 0.5208333134651184, 0.0, 0.0, 0.0, 0.0, 0.0, 0.0, 0.0, 0.0, 0.0, 0.0, 0.0, 0.0, 0.0, 0.0, 0.0, 0.0], [0.0295681394636631, 0.0591362789273262, 0.1182725578546524, 0.2365451157093048, 0.4730902314186096, 0.9461804628372192, 1.8923609256744385, 3.784721851348877, 0.029568258672952652, 0.059136517345905304, 0.11827303469181061, 0.23654606938362122, -2.290996789932251, 0.9461842775344849, 1.8923685550689697, 3.7847371101379395, 0.0024413804057985544, 0.004882760811597109, 0.009765521623194218, 0.019531043246388435, 0.03906208649277687, 0.07812417298555374, 0.15624834597110748, 0.31249669194221497, 0.029568174853920937, 0.05913634970784187, 0.11827269941568375, 0.2365453988313675, 0.473090797662735, 0.94618159532547, 1.89236319065094, 3.78472638130188, 0.002441544784232974, 0.004883089568465948, 0.009766179136931896, 0.019532358273863792, 0.039064716547727585, 0.07812943309545517, 0.15625886619091034, 0.3125177323818207, 0.0024413380306214094, 0.004882676061242819, 0.009765352122485638, 0.019530704244971275, 0.03906140848994255, 0.0781228169798851, 0.1562456339597702, 0.3124912679195404, 0.029568132013082504, 0.05913626402616501, 0.11827252805233002, 0.23654505610466003, 0.47309011220932007, 0.9461802244186401, 1.8923604488372803, 3.7847208976745605, 0.0024413112550973892, 0.0048826225101947784, 0.009765245020389557, 0.019530490040779114, 0.03906098008155823, 0.07812196016311646, 0.1562439203262329, 0.3124878406524658, 0.002441421151161194, 0.004882842302322388, 0.009765684604644775, 0.01953136920928955, 0.0390627384185791, 0.0781254768371582, 0.1562509536743164, 0.3125019073486328, 0.0024414861109107733, 0.0048829722218215466, 0.009765944443643093, 0.019531888887286186, 0.03906377777457237, 0.07812755554914474, 0.1562551110982895, 0.312510222196579, 0.0024413377977907658, 0.0048826755955815315, 0.009765351191163063, 0.019530702382326126, 0.03906140476465225, 0.0781228095293045, 0.156245619058609, 0.312491238117218, 0.008138020522892475, 0.01627604104578495, 0.0325520820915699, 0.0651041641831398, 0.1302083283662796, 0.2604166567325592, 0.5208333134651184, 1.0416666269302368, 0.0, 0.0, 0.0, 0.0, 0.0, 0.0, 0.0, 0.0, 0.0, 0.0, 0.0, 0.0, 0.0, 0.0, 0.0, 0.0], [0.0591362789273262, 0.1182725578546524, 0.2365451157093048, 0.4730902314186096, 0.9461804628372192, 1.8923609256744385, 3.784721851348877, 7.569443702697754, 0.059136517345905304, 0.11827303469181061, 0.23654606938362122, 0.47309213876724243, 0.9461842775344849, -3.6358094215393066, 3.7847371101379395, 7.569474220275879, 0.004882760811597109, 0.009765521623194218, 0.019531043246388435, 0.03906208649277687, 0.07812417298555374, 0.15624834597110748, 0.31249669194221497, 0.6249933838844299, 0.05913634970784187, 0.11827269941568375, 0.2365453988313675, 0.473090797662735, 0.94618159532547, 1.89236319065094, 3.78472638130188, 7.56945276260376, 0.004883089568465948, 0.009766179136931896, 0.019532358273863792, 0.039064716547727585, 0.07812943309545517, 0.15625886619091034, 0.3125177323818207, 0.6250354647636414, 0.004882676061242819, 0.009765352122485638, 0.019530704244971275, 0.03906140848994255, 0.0781228169798851, 0.1562456339597702, 0.3124912679195404, 0.6249825358390808, 0.05913626402616501, 0.11827252805233002, 0.23654505610466003, 0.47309011220932007, 0.9461802244186401, 1.8923604488372803, 3.7847208976745605, 7.569441795349121, 0.0048826225101947784, 0.009765245020389557, 0.019530490040779114, 0.03906098008155823, 0.07812196016311646, 0.1562439203262329, 0.3124878406524658, 0.6249756813049316, 0.004882842302322388, 0.009765684604644775, 0.01953136920928955, 0.0390627384185791, 0.0781254768371582, 0.1562509536743164, 0.3125019073486328, 0.6250038146972656, 0.0048829722218215466, 0.009765944443643093, 0.019531888887286186, 0.03906377777457237, 0.07812755554914474, 0.1562551110982895, 0.312510222196579, 0.625020444393158, 0.0048826755955815315, 0.009765351191163063, 0.019530702382326126, 0.03906140476465225, 0.0781228095293045, 0.156245619058609, 0.312491238117218, 0.624982476234436, 0.01627604104578495, 0.0325520820915699, 0.0651041641831398, 0.1302083283662796, 0.2604166567325592, 0.5208333134651184, 1.0416666269302368, 2.0833332538604736, 0.0, 0.0, 0.0, 0.0, 0.0, 0.0, 0.0, 0.0, 0.0, 0.0, 0.0, 0.0, 0.0, 0.0, 0.0, 0.0], [0.1182725578546524, 0.2365451157093048, 0.4730902314186096, 0.9461804628372192, 1.8923609256744385, 3.784721851348877, 7.569443702697754, 15.138887405395508, 0.11827303469181061, 0.23654606938362122, 0.47309213876724243, 0.9461842775344849, 1.8923685550689697, 3.7847371101379395, -3.4868814945220947, 15.138948440551758, 0.009765521623194218, 0.019531043246388435, 0.03906208649277687, 0.07812417298555374, 0.15624834597110748, 0.31249669194221497, 0.6249933838844299, 1.2499867677688599, 0.11827269941568375, 0.2365453988313675, 0.473090797662735, 0.94618159532547, 1.89236319065094, 3.78472638130188, 7.56945276260376, 15.13890552520752, 0.009766179136931896, 0.019532358273863792, 0.039064716547727585, 0.07812943309545517, 0.15625886619091034, 0.3125177323818207, 0.6250354647636414, 1.2500709295272827, 0.009765352122485638, 0.019530704244971275, 0.03906140848994255, 0.0781228169798851, 0.1562456339597702, 0.3124912679195404, 0.6249825358390808, 1.2499650716781616, 0.11827252805233002, 0.23654505610466003, 0.47309011220932007, 0.9461802244186401, 1.8923604488372803, 3.7847208976745605, 7.569441795349121, 15.138883590698242, 0.009765245020389557, 0.019530490040779114, 0.03906098008155823, 0.07812196016311646, 0.1562439203262329, 0.3124878406524658, 0.6249756813049316, 1.2499513626098633, 0.009765684604644775, 0.01953136920928955, 0.0390627384185791, 0.0781254768371582, 0.1562509536743164, 0.3125019073486328, 0.6250038146972656, 1.2500076293945312, 0.009765944443643093, 0.019531888887286186, 0.03906377777457237, 0.07812755554914474, 0.1562551110982895, 0.312510222196579, 0.625020444393158, 1.250040888786316, 0.009765351191163063, 0.019530702382326126, 0.03906140476465225, 0.0781228095293045, 0.156245619058609, 0.312491238117218, 0.624982476234436, 1.249964952468872, 0.0325520820915699, 0.0651041641831398, 0.1302083283662796, 0.2604166567325592, 0.5208333134651184, 1.0416666269302368, 2.0833332538604736, 4.166666507720947, 0.0, 0.0, 0.0, 0.0, 0.0, 0.0, 0.0, 0.0, 0.0, 0.0, 0.0, 0.0, 0.0, 0.0, 0.0, 0.0], [0.2365451157093048, 0.4730902314186096, 0.9461804628372192, 1.8923609256744385, 3.784721851348877, 7.569443702697754, 15.138887405395508, 30.277774810791016, 0.23654606938362122, 0.47309213876724243, 0.9461842775344849, 1.8923685550689697, 3.7847371101379395, 7.569474220275879, 15.138948440551758, 8.165186882019043, 0.019531043246388435, 0.03906208649277687, 0.07812417298555374, 0.15624834597110748, 0.31249669194221497, 0.6249933838844299, 1.2499867677688599, 2.4999735355377197, 0.2365453988313675, 0.473090797662735, 0.94618159532547, 1.89236319065094, 3.78472638130188, 7.56945276260376, 15.13890552520752, 30.27781105041504, 0.019532358273863792, 0.039064716547727585, 0.07812943309545517, 0.15625886619091034, 0.3125177323818207, 0.6250354647636414, 1.2500709295272827, 2.5001418590545654, 0.019530704244971275, 0.03906140848994255, 0.0781228169798851, 0.1562456339597702, 0.3124912679195404, 0.6249825358390808, 1.2499650716781616, 2.4999301433563232, 0.23654505610466003, 0.47309011220932007, 0.9461802244186401, 1.8923604488372803, 3.7847208976745605, 7.569441795349121, 15.138883590698242, 30.277767181396484, 0.019530490040779114, 0.03906098008155823, 0.07812196016311646, 0.1562439203262329, 0.3124878406524658, 0.6249756813049316, 1.2499513626098633, 2.4999027252197266, 0.01953136920928955, 0.0390627384185791, 0.0781254768371582, 0.1562509536743164, 0.3125019073486328, 0.6250038146972656, 1.2500076293945312, 2.5000152587890625, 0.019531888887286186, 0.03906377777457237, 0.07812755554914474, 0.1562551110982895, 0.312510222196579, 0.625020444393158, 1.250040888786316, 2.500081777572632, 0.019530702382326126, 0.03906140476465225, 0.0781228095293045, 0.156245619058609, 0.312491238117218, 0.624982476234436, 1.249964952468872, 2.499929904937744, 0.0651041641831398, 0.1302083283662796, 0.2604166567325592, 0.5208333134651184, 1.0416666269302368, 2.0833332538604736, 4.166666507720947, 8.333333015441895, 0.0, 0.0, 0.0, 0.0, 0.0, 0.0, 0.0, 0.0, 0.0, 0.0, 0.0, 0.0, 0.0, 0.0, 0.0, 0.0], [0.00015258802159223706, 0.0003051760431844741, 0.0006103520863689482, 0.0012207041727378964, 0.002441408345475793, 0.004882816690951586, 0.009765633381903172, 0.019531266763806343, 0.00015258627536240965, 0.0003051725507248193, 0.0006103451014496386, 0.0012206902028992772, 0.0024413804057985544, 0.004882760811597109, 0.009765521623194218, 0.019531043246388435, -0.07794897258281708, 0.00030517776031047106, 0.0006103555206209421, 0.0012207110412418842, 0.0024414220824837685, 0.004882844164967537, 0.009765688329935074, 0.019531376659870148, 0.00015258743951562792, 0.00030517487903125584, 0.0006103497580625117, 0.0012206995161250234, 0.0024413990322500467, 0.0048827980645000935, 0.009765596129000187, 0.019531192258000374, 0.00015258628991432488, 0.00030517257982864976, 0.0006103451596572995, 0.001220690319314599, 0.002441380638629198, 0.004882761277258396, 0.009765522554516792, 0.019531045109033585, 0.0001525905536254868, 0.0003051811072509736, 0.0006103622145019472, 0.0012207244290038943, 0.0024414488580077887, 0.004882897716015577, 0.009765795432031155, 0.01953159086406231, 0.00015258828352671117, 0.00030517656705342233, 0.0006103531341068447, 0.0012207062682136893, 0.0024414125364273787, 0.004882825072854757, 0.009765650145709515, 0.01953130029141903, 0.00015259192150551826, 0.0003051838430110365, 0.000610367686022073, 0.00