{"size": [112, 112], "args": [["A12.csv", "A13.csv", "A14.csv", "A15.csv", "A16.csv", "A17.csv", "A18.csv", "A19.csv", "A20.csv", "A21.csv", "A22.csv"], 0.3, 0.5, 0.5, 0.1, 5, [64, 32, 16], [[100.0, 100.0, 100.0, 100.0], [10.0, 10.0, 10.0, 10.0], [50.0, 50.0, 50.0, 50.0], [200.0, 200.0, 200.0, 200.0]]], "c": [200.0, 200.0, 200.0, 200.0], "tag": "r11-12-13-14-15-16-17-18-19-20-21-0.3-0.5-0.5-0.1-5-200.0-200.0-200.0-200.0-112x112", "data:": {"q": {"x1": [0.0], "x2": [0.0], "x3": [0.0], "x4": [0.0], "x5": [0.0], "x6": [0.0], "x7": [0.125], "x8": [0.0625], "x9": [0.8125], "x10": [0.0], "x11": [0.0]}, "program": "minimize(list(x1,x2,x3,x4,x5,x6,x7,x8,x9,x10,x11),((0.00050280851*x1*x1)+(-0.0002561814297296821*x1*x2)+(-5.4364886279232834e-05*x1*x3)+(0.0007684011677161366*x1*x4)+(5.7908703960857924e-05*x1*x5)+(0.0004879655464301194*x1*x6)+(-0.0003398585524414276*x1*x7)+(-0.00011778945711780764*x1*x8)+(0.00017740348921378168*x1*x9)+(-0.0003768463766009849*x1*x10)+(1.597379989214873e-05*x1*x11)+(-0.0002561814297296821*x2*x1)+(0.00022159610950000003*x2*x2)+(4.057154567954619e-05*x2*x3)+(-0.0003644121540021816*x2*x4)+(-3.706273472852384e-05*x2*x5)+(-0.0002544532550390819*x2*x6)+(0.0003754210363381077*x2*x7)+(9.015411708490135e-05*x2*x8)+(-9.53266472912144e-05*x2*x9)+(0.00032745816504225334*x2*x10)+(-1.0850971118601391e-05*x2*x11)+(-5.4364886279232834e-05*x3*x1)+(4.057154567954619e-05*x3*x2)+(1.033340535e-05*x3*x3)+(-8.910526281652802e-05*x3*x4)+(-2.117900431002098e-06*x3*x5)+(-5.119053624902173e-05*x3*x6)+(4.5449053833120095e-05*x3*x7)+(2.148367892452789e-05*x3*x8)+(-1.7749262771536574e-05*x3*x9)+(5.9441664834982845e-05*x3*x10)+(2.2574244677437905e-07*x3*x11)+(0.0007684011677161366*x4*x1)+(-0.0003644121540021816*x4*x2)+(-8.910526281652802e-05*x4*x3)+(0.001219171765*x4*x4)+(6.676791325350761e-05*x4*x5)+(0.0007350331712681532*x4*x6)+(-0.0003848807133463005*x4*x7)+(-0.00018781811431993082*x4*x8)+(0.0002616793943985025*x4*x9)+(-0.0005339313261773154*x4*x10)+(1.4871851805861273e-05*x4*x11)+(5.7908703960857924e-05*x5*x1)+(-3.706273472852384e-05*x5*x2)+(-2.117900431002098e-06*x5*x3)+(6.676791325350761e-05*x5*x4)+(1.76012048e-05*x5*x5)+(6.14171909918768e-05*x5*x6)+(-9.524741852351626e-05*x5*x7)+(-7.19394316281685e-06*x5*x8)+(2.505344452659784e-05*x5*x9)+(-5.553267275478757e-05*x5*x10)+(6.6840662935736485e-06*x5*x11)+(0.0004879655464301194*x6*x1)+(-0.0002544532550390819*x6*x2)+(-5.119053624902173e-05*x6*x3)+(0.0007350331712681532*x6*x4)+(6.14171909918768e-05*x6*x5)+(0.00047610912900000003*x6*x6)+(-0.0003608462952886518*x6*x7)+(-0.0001121669140800627*x6*x8)+(0.00017441781841294734*x6*x9)+(-0.0003748080881461802*x6*x10)+(1.7798025344579918e-05*x6*x11)+(-0.0003398585524414276*x7*x1)+(0.0003754210363381077*x7*x2)+(4.5449053833120095e-05*x7*x3)+(-0.0003848807133463005*x7*x4)+(-9.524741852351626e-05*x7*x5)+(-0.0003608462952886518*x7*x6)+(0.0008289611000000001*x7*x7)+(0.00011269724544051121*x7*x8)+(-0.00014695207463525566*x7*x9)+(0.000558946494219233*x7*x10)+(-3.444673920323464e-05*x7*x11)+(-0.00011778945711780764*x8*x1)+(9.015411708490135e-05*x8*x2)+(2.148367892452789e-05*x8*x3)+(-0.00018781811431993082*x8*x4)+(-7.19394316281685e-06*x8*x5)+(-0.0001121669140800627*x8*x6)+(0.00011269724544051121*x8*x7)+(4.5209583e-05*x8*x8)+(-3.95669194666916e-05*x8*x9)+(0.00013234423513356353*x8*x10)+(-6.620415554446053e-07*x8*x11)+(0.00017740348921378168*x9*x1)+(-9.53266472912144e-05*x9*x2)+(-1.7749262771536574e-05*x9*x3)+(0.0002616793943985025*x9*x4)+(2.505344452659784e-05*x9*x5)+(0.00017441781841294734*x9*x6)+(-0.00014695207463525566*x9*x7)+(-3.95669194666916e-05*x9*x8)+(6.45818595e-05*x9*x9)+(-0.00014067101560330232*x9*x10)+(7.671130490847863e-06*x9*x11)+(-0.0003768463766009849*x10*x1)+(0.00032745816504225334*x10*x2)+(5.9441664834982845e-05*x10*x3)+(-0.0005339313261773154*x10*x4)+(-5.553267275478757e-05*x10*x5)+(-0.0003748080881461802*x10*x6)+(0.000558946494219233*x10*x7)+(0.00013234423513356353*x10*x8)+(-0.00014067101560330232*x10*x9)+(0.0004839842775*x10*x10)+(-1.64049384429255e-05*x10*x11)+(1.597379989214873e-05*x11*x1)+(-1.0850971118601391e-05*x11*x2)+(2.2574244677437905e-07*x11*x3)+(1.4871851805861273e-05*x11*x4)+(6.6840662935736485e-06*x11*x5)+(1.7798025344579918e-05*x11*x6)+(-3.444673920323464e-05*x11*x7)+(-6.620415554446053e-07*x11*x8)+(7.671130490847863e-06*x11*x9)+(-1.64049384429255e-05*x11*x10)+(2.65894021e-06*x11*x11)-((-0.01*x1)+(-0.0185*x2)+(-0.0115*x3)+(-0.007*x4)+(-0.0225*x5)+(-0.0115*x6)+(-0.006*x7)+(-0.0115*x8)+(-0.006*x9)+(-0.017*x10)+(-0.02*x11))))\n & label('total', x1+x2+x3+x4+x5+x6+x7+x8+x9+x10+x11==1.0) & \nlabel('eqlimit', (0.0*x1)+(0.0*x2)+(0.0*x3)+(0.0*x4)+(3.3333333333333335*x5)+(0.0*x6)+(0.0*x7)+(3.3333333333333335*x8)+(0.0*x9)+(3.3333333333333335*x10)+(3.3333333333333335*x11)<1.0) & \nlabel('filimit', (2.0*x1)+(2.0*x2)+(0.0*x3)+(0.0*x4)+(0.0*x5)+(2.0*x6)+(0.0*x7)+(0.0*x8)+(0.0*x9)+(0.0*x10)+(0.0*x11)<1.0) & \nlabel('xxxlimit', (0.0*x1)+(0.0*x2)+(2.0*x3)+(2.0*x4)+(0.0*x5)+(0.0*x6)+(2.0*x7)+(0.0*x8)+(0.0*x9)+(0.0*x10)+(0.0*x11)<1.0)", "matrix": [[-3.419401168823242, 0.0739203542470932, 0.1478407084941864, 0.2956814169883728, 0.5913628339767456, 1.1827256679534912, 2.3654513359069824, 4.730902671813965, 0.0369601771235466, 0.0739203542470932, 0.1478407084941864, 0.2956814169883728, 0.5913628339767456, 1.1827256679534912, 2.3654513359069824, 4.730902671813965, 0.0030517580453306437, 0.006103516090661287, 0.012207032181322575, 0.02441406436264515, 0.0488281287252903, 0.0976562574505806, 0.1953125149011612, 0.3906250298023224, 0.0369601771235466, 0.0739203542470932, 0.1478407084941864, 0.2956814169883728, 0.5913628339767456, 1.1827256679534912, 2.3654513359069824, 4.730902671813965, 0.0030517573468387127, 0.006103514693677425, 0.01220702938735485, 0.0244140587747097, 0.0488281175494194, 0.0976562350988388, 0.1953124701976776, 0.3906249403953552, 0.0030517580453306437, 0.006103516090661287, 0.012207032181322575, 0.02441406436264515, 0.0488281287252903, 0.0976562574505806, 0.1953125149011612, 0.3906250298023224, 0.0369601771235466, 0.0739203542470932, 0.1478407084941864, 0.2956814169883728, 0.5913628339767456, 1.1827256679534912, 2.3654513359069824, 4.730902671813965, 0.0030517580453306437, 0.006103516090661287, 0.012207032181322575, 0.02441406436264515, 0.0488281287252903, 0.0976562574505806, 0.1953125149011612, 0.3906250298023224, 0.0030517578125, 0.006103515625, 0.01220703125, 0.0244140625, 0.048828125, 0.09765625, 0.1953125, 0.390625, 0.0030517575796693563, 0.006103515159338713, 0.012207030318677425, 0.02441406063735485, 0.0488281212747097, 0.0976562425494194, 0.1953124850988388, 0.3906249701976776, 0.0030517580453306437, 0.006103516090661287, 0.012207032181322575, 0.02441406436264515, 0.0488281287252903, 0.0976562574505806, 0.1953125149011612, 0.3906250298023224, 0.01017252542078495, 0.0203450508415699, 0.0406901016831398, 0.0813802033662796, 0.1627604067325592, 0.3255208134651184, 0.6510416269302368, 1.3020832538604736, 0.0, 0.0, 0.0, 0.0, 0.0, 0.0, 0.0, 0.0, 0.0, 0.0, 0.0, 0.0, 0.0, 0.0, 0.0, 0.0], [0.0739203542470932, -6.7648820877075195, 0.2956814169883728, 0.5913628339767456, 1.1827256679534912, 2.3654513359069824, 4.730902671813965, 9.46180534362793, 0.0739203542470932, 0.1478407084941864, 0.2956814169883728, 0.5913628339767456, 1.1827256679534912, 2.3654513359069824, 4.730902671813965, 9.46180534362793, 0.006103516090661287, 0.012207032181322575, 0.02441406436264515, 0.0488281287252903, 0.0976562574505806, 0.1953125149011612, 0.3906250298023224, 0.7812500596046448, 0.0739203542470932, 0.1478407084941864, 0.2956814169883728, 0.5913628339767456, 1.1827256679534912, 2.3654513359069824, 4.730902671813965, 9.46180534362793, 0.006103514693677425, 0.01220702938735485, 0.0244140587747097, 0.0488281175494194, 0.0976562350988388, 0.1953124701976776, 0.3906249403953552, 0.7812498807907104, 0.006103516090661287, 0.012207032181322575, 0.02441406436264515, 0.0488281287252903, 0.0976562574505806, 0.1953125149011612, 0.3906250298023224, 0.7812500596046448, 0.0739203542470932, 0.1478407084941864, 0.2956814169883728, 0.5913628339767456, 1.1827256679534912, 2.3654513359069824, 4.730902671813965, 9.46180534362793, 0.006103516090661287, 0.012207032181322575, 0.02441406436264515, 0.0488281287252903, 0.0976562574505806, 0.1953125149011612, 0.3906250298023224, 0.7812500596046448, 0.006103515625, 0.01220703125, 0.0244140625, 0.048828125, 0.09765625, 0.1953125, 0.390625, 0.78125, 0.006103515159338713, 0.012207030318677425, 0.02441406063735485, 0.0488281212747097, 0.0976562425494194, 0.1953124850988388, 0.3906249701976776, 0.7812499403953552, 0.006103516090661287, 0.012207032181322575, 0.02441406436264515, 0.0488281287252903, 0.0976562574505806, 0.1953125149011612, 0.3906250298023224, 0.7812500596046448, 0.0203450508415699, 0.0406901016831398, 0.0813802033662796, 0.1627604067325592, 0.3255208134651184, 0.6510416269302368, 1.3020832538604736, 2.6041665077209473, 0.0, 0.0, 0.0, 0.0, 0.0, 0.0, 0.0, 0.0, 0.0, 0.0, 0.0, 0.0, 0.0, 0.0, 0.0, 0.0], [0.1478407084941864, 0.2956814169883728, -13.23408317565918, 1.1827256679534912, 2.3654513359069824, 4.730902671813965, 9.46180534362793, 18.92361068725586, 0.1478407084941864, 0.2956814169883728, 0.5913628339767456, 1.1827256679534912, 2.3654513359069824, 4.730902671813965, 9.46180534362793, 18.92361068725586, 0.012207032181322575, 0.02441406436264515, 0.0488281287252903, 0.0976562574505806, 0.1953125149011612, 0.3906250298023224, 0.7812500596046448, 1.5625001192092896, 0.1478407084941864, 0.2956814169883728, 0.5913628339767456, 1.1827256679534912, 2.3654513359069824, 4.730902671813965, 9.46180534362793, 18.92361068725586, 0.01220702938735485, 0.0244140587747097, 0.0488281175494194, 0.0976562350988388, 0.1953124701976776, 0.3906249403953552, 0.7812498807907104, 1.562499761581421, 0.012207032181322575, 0.02441406436264515, 0.0488281287252903, 0.0976562574505806, 0.1953125149011612, 0.3906250298023224, 0.7812500596046448, 1.5625001192092896, 0.1478407084941864, 0.2956814169883728, 0.5913628339767456, 1.1827256679534912, 2.3654513359069824, 4.730902671813965, 9.46180534362793, 18.92361068725586, 0.012207032181322575, 0.02441406436264515, 0.0488281287252903, 0.0976562574505806, 0.1953125149011612, 0.3906250298023224, 0.7812500596046448, 1.5625001192092896, 0.01220703125, 0.0244140625, 0.048828125, 0.09765625, 0.1953125, 0.390625, 0.78125, 1.5625, 0.012207030318677425, 0.02441406063735485, 0.0488281212747097, 0.0976562425494194, 0.1953124850988388, 0.3906249701976776, 0.7812499403953552, 1.5624998807907104, 0.012207032181322575, 0.02441406436264515, 0.0488281287252903, 0.0976562574505806, 0.1953125149011612, 0.3906250298023224, 0.7812500596046448, 1.5625001192092896, 0.0406901016831398, 0.0813802033662796, 0.1627604067325592, 0.3255208134651184, 0.6510416269302368, 1.3020832538604736, 2.6041665077209473, 5.2083330154418945, 0.0, 0.0, 0.0, 0.0, 0.0, 0.0, 0.0, 0.0, 0.0, 0.0, 0.0, 0.0, 0.0, 0.0, 0.0, 0.0], [0.2956814169883728, 0.5913628339767456, 1.1827256679534912, -25.285438537597656, 4.730902671813965, 9.46180534362793, 18.92361068725586, 37.84722137451172, 0.2956814169883728, 0.5913628339767456, 1.1827256679534912, 2.3654513359069824, 4.730902671813965, 9.46180534362793, 18.92361068725586, 37.84722137451172, 0.02441406436264515, 0.0488281287252903, 0.0976562574505806, 0.1953125149011612, 0.3906250298023224, 0.7812500596046448, 1.5625001192092896, 3.125000238418579, 0.2956814169883728, 0.5913628339767456, 1.1827256679534912, 2.3654513359069824, 4.730902671813965, 9.46180534362793, 18.92361068725586, 37.84722137451172, 0.0244140587747097, 0.0488281175494194, 0.0976562350988388, 0.1953124701976776, 0.3906249403953552, 0.7812498807907104, 1.562499761581421, 3.124999523162842, 0.02441406436264515, 0.0488281287252903, 0.0976562574505806, 0.1953125149011612, 0.3906250298023224, 0.7812500596046448, 1.5625001192092896, 3.125000238418579, 0.2956814169883728, 0.5913628339767456, 1.1827256679534912, 2.3654513359069824, 4.730902671813965, 9.46180534362793, 18.92361068725586, 37.84722137451172, 0.02441406436264515, 0.0488281287252903, 0.0976562574505806, 0.1953125149011612, 0.3906250298023224, 0.7812500596046448, 1.5625001192092896, 3.125000238418579, 0.0244140625, 0.048828125, 0.09765625, 0.1953125, 0.390625, 0.78125, 1.5625, 3.125, 0.02441406063735485, 0.0488281212747097, 0.0976562425494194, 0.1953124850988388, 0.3906249701976776, 0.7812499403953552, 1.5624998807907104, 3.124999761581421, 0.02441406436264515, 0.0488281287252903, 0.0976562574505806, 0.1953125149011612, 0.3906250298023224, 0.7812500596046448, 1.5625001192092896, 3.125000238418579, 0.0813802033662796, 0.1627604067325592, 0.3255208134651184, 0.6510416269302368, 1.3020832538604736, 2.6041665077209473, 5.2083330154418945, 10.416666030883789, 0.0, 0.0, 0.0, 0.0, 0.0, 0.0, 0.0, 0.0, 0.0, 0.0, 0.0, 0.0, 0.0, 0.0, 0.0, 0.0], [0.5913628339767456, 1.1827256679534912, 2.3654513359069824, 4.730902671813965, -45.83997344970703, 18.92361068725586, 37.84722137451172, 75.69444274902344, 0.5913628339767456, 1.1827256679534912, 2.3654513359069824, 4.730902671813965, 9.46180534362793, 18.92361068725586, 37.84722137451172, 75.69444274902344, 0.0488281287252903, 0.0976562574505806, 0.1953125149011612, 0.3906250298023224, 0.7812500596046448, 1.5625001192092896, 3.125000238418579, 6.250000476837158, 0.5913628339767456, 1.1827256679534912, 2.3654513359069824, 4.730902671813965, 9.46180534362793, 18.92361068725586, 37.84722137451172, 75.69444274902344, 0.0488281175494194, 0.0976562350988388, 0.1953124701976776, 0.3906249403953552, 0.7812498807907104, 1.562499761581421, 3.124999523162842, 6.249999046325684, 0.0488281287252903, 0.0976562574505806, 0.1953125149011612, 0.3906250298023224, 0.7812500596046448, 1.5625001192092896, 3.125000238418579, 6.250000476837158, 0.5913628339767456, 1.1827256679534912, 2.3654513359069824, 4.730902671813965, 9.46180534362793, 18.92361068725586, 37.84722137451172, 75.69444274902344, 0.0488281287252903, 0.0976562574505806, 0.1953125149011612, 0.3906250298023224, 0.7812500596046448, 1.5625001192092896, 3.125000238418579, 6.250000476837158, 0.048828125, 0.09765625, 0.1953125, 0.390625, 0.78125, 1.5625, 3.125, 6.25, 0.0488281212747097, 0.0976562425494194, 0.1953124850988388, 0.3906249701976776, 0.7812499403953552, 1.5624998807907104, 3.124999761581421, 6.249999523162842, 0.0488281287252903, 0.0976562574505806, 0.1953125149011612, 0.3906250298023224, 0.7812500596046448, 1.5625001192092896, 3.125000238418579, 6.250000476837158, 0.1627604067325592, 0.3255208134651184, 0.6510416269302368, 1.3020832538604736, 2.6041665077209473, 5.2083330154418945, 10.416666030883789, 20.833332061767578, 0.0, 0.0, 0.0, 0.0, 0.0, 0.0, 0.0, 0.0, 0.0, 0.0, 0.0, 0.0, 0.0, 0.0, 0.0, 0.0], [1.1827256679534912, 2.3654513359069824, 4.730902671813965, 9.46180534362793, 18.92361068725586, -72.75634002685547, 75.69444274902344, 151.38888549804688, 1.1827256679534912, 2.3654513359069824, 4.730902671813965, 9.46180534362793, 18.92361068725586, 37.84722137451172, 75.69444274902344, 151.38888549804688, 0.0976562574505806, 0.1953125149011612, 0.3906250298023224, 0.7812500596046448, 1.5625001192092896, 3.125000238418579, 6.250000476837158, 12.500000953674316, 1.1827256679534912, 2.3654513359069824, 4.730902671813965, 9.46180534362793, 18.92361068725586, 37.84722137451172, 75.69444274902344, 151.38888549804688, 0.0976562350988388, 0.1953124701976776, 0.3906249403953552, 0.7812498807907104, 1.562499761581421, 3.124999523162842, 6.249999046325684, 12.499998092651367, 0.0976562574505806, 0.1953125149011612, 0.3906250298023224, 0.7812500596046448, 1.5625001192092896, 3.125000238418579, 6.250000476837158, 12.500000953674316, 1.1827256679534912, 2.3654513359069824, 4.730902671813965, 9.46180534362793, 18.92361068725586, 37.84722137451172, 75.69444274902344, 151.38888549804688, 0.0976562574505806, 0.1953125149011612, 0.3906250298023224, 0.7812500596046448, 1.5625001192092896, 3.125000238418579, 6.250000476837158, 12.500000953674316, 0.09765625, 0.1953125, 0.390625, 0.78125, 1.5625, 3.125, 6.25, 12.5, 0.0976562425494194, 0.1953124850988388, 0.3906249701976776, 0.7812499403953552, 1.5624998807907104, 3.124999761581421, 6.249999523162842, 12.499999046325684, 0.0976562574505806, 0.1953125149011612, 0.3906250298023224, 0.7812500596046448, 1.5625001192092896, 3.125000238418579, 6.250000476837158, 12.500000953674316, 0.3255208134651184, 0.6510416269302368, 1.3020832538604736, 2.6041665077209473, 5.2083330154418945, 10.416666030883789, 20.833332061767578, 41.666664123535156, 0.0, 0.0, 0.0, 0.0, 0.0, 0.0, 0.0, 0.0, 0.0, 0.0, 0.0, 0.0, 0.0, 0.0, 0.0, 0.0], [2.3654513359069824, 4.730902671813965, 9.46180534362793, 18.92361068725586, 37.84722137451172, 75.69444274902344, -69.8182373046875, 302.77777099609375, 2.3654513359069824, 4.730902671813965, 9.46180534362793, 18.92361068725586, 37.84722137451172, 75.69444274902344, 151.38888549804688, 302.77777099609375, 0.1953125149011612, 0.3906250298023224, 0.7812500596046448, 1.5625001192092896, 3.125000238418579, 6.250000476837158, 12.500000953674316, 25.000001907348633, 2.3654513359069824, 4.730902671813965, 9.46180534362793, 18.92361068725586, 37.84722137451172, 75.69444274902344, 151.38888549804688, 302.77777099609375, 0.1953124701976776, 0.3906249403953552, 0.7812498807907104, 1.562499761581421, 3.124999523162842, 6.249999046325684, 12.499998092651367, 24.999996185302734, 0.1953125149011612, 0.3906250298023224, 0.7812500596046448, 1.5625001192092896, 3.125000238418579, 6.250000476837158, 12.500000953674316, 25.000001907348633, 2.3654513359069824, 4.730902671813965, 9.46180534362793, 18.92361068725586, 37.84722137451172, 75.69444274902344, 151.38888549804688, 302.77777099609375, 0.1953125149011612, 0.3906250298023224, 0.7812500596046448, 1.5625001192092896, 3.125000238418579, 6.250000476837158, 12.500000953674316, 25.000001907348633, 0.1953125, 0.390625, 0.78125, 1.5625, 3.125, 6.25, 12.5, 25.0, 0.1953124850988388, 0.3906249701976776, 0.7812499403953552, 1.5624998807907104, 3.124999761581421, 6.249999523162842, 12.499999046325684, 24.999998092651367, 0.1953125149011612, 0.3906250298023224, 0.7812500596046448, 1.5625001192092896, 3.125000238418579, 6.250000476837158, 12.500000953674316, 25.000001907348633, 0.6510416269302368, 1.3020832538604736, 2.6041665077209473, 5.2083330154418945, 10.416666030883789, 20.833332061767578, 41.666664123535156, 83.33332824707031, 0.0, 0.0, 0.0, 0.0, 0.0, 0.0, 0.0, 0.0, 0.0, 0.0, 0.0, 0.0, 0.0, 0.0, 0.0, 0.0], [4.730902671813965, 9.46180534362793, 18.92361068725586, 37.84722137451172, 75.69444274902344, 151.38888549804688, 302.77777099609375, 163.1413116455078, 4.730902671813965, 9.46180534362793, 18.92361068725586, 37.84722137451172, 75.69444274902344, 151.38888549804688, 302.77777099609375, 605.5555419921875, 0.3906250298023224, 0.7812500596046448, 1.5625001192092896, 3.125000238418579, 6.250000476837158, 12.500000953674316, 25.000001907348633, 50.000003814697266, 4.730902671813965, 9.46180534362793, 18.92361068725586, 37.84722137451172, 75.69444274902344, 151.38888549804688, 302.77777099609375, 605.5555419921875, 0.3906249403953552, 0.7812498807907104, 1.562499761581421, 3.124999523162842, 6.249999046325684, 12.499998092651367, 24.999996185302734, 49.99999237060547, 0.3906250298023224, 0.7812500596046448, 1.5625001192092896, 3.125000238418579, 6.250000476837158, 12.500000953674316, 25.000001907348633, 50.000003814697266, 4.730902671813965, 9.46180534362793, 18.92361068725586, 37.84722137451172, 75.69444274902344, 151.38888549804688, 302.77777099609375, 605.5555419921875, 0.3906250298023224, 0.7812500596046448, 1.5625001192092896, 3.125000238418579, 6.250000476837158, 12.500000953674316, 25.000001907348633, 50.000003814697266, 0.390625, 0.78125, 1.5625, 3.125, 6.25, 12.5, 25.0, 50.0, 0.3906249701976776, 0.7812499403953552, 1.5624998807907104, 3.124999761581421, 6.249999523162842, 12.499999046325684, 24.999998092651367, 49.999996185302734, 0.3906250298023224, 0.7812500596046448, 1.5625001192092896, 3.125000238418579, 6.250000476837158, 12.500000953674316, 25.000001907348633, 50.000003814697266, 1.3020832538604736, 2.6041665077209473, 5.2083330154418945, 10.416666030883789, 20.833332061767578, 41.666664123535156, 83.33332824707031, 166.66665649414062, 0.0, 0.0, 0.0, 0.0, 0.0, 0.0, 0.0, 0.0, 0.0, 0.0, 0.0, 0.0, 0.0, 0.0, 0.0, 0.0], [0.0369601771235466, 0.0739203542470932, 0.1478407084941864, 0.2956814169883728, 0.5913628339767456, 1.1827256679534912, 2.3654513359069824, 4.730902671813965, -3.419412612915039, 0.0739203691482544, 0.1478407382965088, 0.2956814765930176, 0.5913629531860352, 1.1827259063720703, 2.3654518127441406, 4.730903625488281, 0.003051755717024207, 0.006103511434048414, 0.012207022868096828, 0.024414045736193657, 0.048828091472387314, 0.09765618294477463, 0.19531236588954926, 0.3906247317790985, 0.0369601808488369, 0.0739203616976738, 0.1478407233953476, 0.2956814467906952, 0.5913628935813904, 1.1827257871627808, 2.3654515743255615, 4.730903148651123, 0.003051766427233815, 0.00610353285446763, 0.01220706570893526, 0.02441413141787052, 0.04882826283574104, 0.09765652567148209, 0.19531305134296417, 0.39062610268592834, 0.0030517519917339087, 0.006103503983467817, 0.012207007966935635, 0.02441401593387127, 0.04882803186774254, 0.09765606373548508, 0.19531212747097015, 0.3906242549419403, 0.0369601771235466, 0.0739203542470932, 0.1478407084941864, 0.2956814169883728, 0.5913628339767456, 1.1827256679534912, 2.3654513359069824, 4.730902671813965, 0.003051749663427472, 0.006103499326854944, 0.012206998653709888, 0.024413997307419777, 0.048827994614839554, 0.09765598922967911, 0.19531197845935822, 0.39062395691871643, 0.0030517587438225746, 0.006103517487645149, 0.012207034975290298, 0.024414069950580597, 0.048828139901161194, 0.09765627980232239, 0.19531255960464478, 0.39062511920928955, 0.0030517627019435167, 0.0061035254038870335, 0.012207050807774067, 0.024414101615548134, 0.04882820323109627, 0.09765640646219254, 0.19531281292438507, 0.39062562584877014, 0.0030517519917339087, 0.006103503983467817, 0.012207007966935635, 0.02441401593387127, 0.04882803186774254, 0.09765606373548508, 0.19531212747097015, 0.3906242549419403, 0.01017252542078495, 0.0203450508415699, 0.0406901016831398, 0.0813802033662796, 0.1627604067325592, 0.3255208134651184, 0.6510416269302368, 1.3020832538604736, 0.0, 0.0, 0.0, 0.0, 0.0, 0.0, 0.0, 0.0, 0.0, 0.0, 0.0, 0.0, 0.0, 0.0, 0.0, 0.0], [0.0739203542470932, 0.1478407084941864, 0.2956814169883728, 0.5913628339767456, 1.1827256679534912, 2.3654513359069824, 4.730902671813965, 9.46180534362793, 0.0739203691482544, -6.7649054527282715, 0.2956814765930176, 0.5913629531860352, 1.1827259063720703, 2.3654518127441406, 4.730903625488281, 9.461807250976562, 0.006103511434048414, 0.012207022868096828, 0.024414045736193657, 0.048828091472387314, 0.09765618294477463, 0.19531236588954926, 0.3906247317790985, 0.781249463558197, 0.0739203616976738, 0.1478407233953476, 0.2956814467906952, 0.5913628935813904, 1.1827257871627808, 2.3654515743255615, 4.730903148651123, 9.461806297302246, 0.00610353285446763, 0.01220706570893526, 0.02441413141787052, 0.04882826283574104, 0.09765652567148209, 0.19531305134296417, 0.39062610268592834, 0.7812522053718567, 0.006103503983467817, 0.012207007966935635, 0.02441401593387127, 0.04882803186774254, 0.09765606373548508, 0.19531212747097015, 0.3906242549419403, 0.7812485098838806, 0.0739203542470932, 0.1478407084941864, 0.2956814169883728, 0.5913628339767456, 1.1827256679534912, 2.3654513359069824, 4.730902671813965, 9.46180534362793, 0.006103499326854944, 0.012206998653709888, 0.024413997307419777, 0.048827994614839554, 0.09765598922967911, 0.19531197845935822, 0.39062395691871643, 0.7812479138374329, 0.006103517487645149, 0.012207034975290298, 0.024414069950580597, 0.048828139901161194, 0.09765627980232239, 0.19531255960464478, 0.39062511920928955, 0.7812502384185791, 0.0061035254038870335, 0.012207050807774067, 0.024414101615548134, 0.04882820323109627, 0.09765640646219254, 0.19531281292438507, 0.39062562584877014, 0.7812512516975403, 0.006103503983467817, 0.012207007966935635, 0.02441401593387127, 0.04882803186774254, 0.09765606373548508, 0.19531212747097015, 0.3906242549419403, 0.7812485098838806, 0.0203450508415699, 0.0406901016831398, 0.0813802033662796, 0.1627604067325592, 0.3255208134651184, 0.6510416269302368, 1.3020832538604736, 2.6041665077209473, 0.0, 0.0, 0.0, 0.0, 0.0, 0.0, 0.0, 0.0, 0.0, 0.0, 0.0, 0.0, 0.0, 0.0, 0.0, 0.0], [0.1478407084941864, 0.2956814169883728, 0.5913628339767456, 1.1827256679534912, 2.3654513359069824, 4.730902671813965, 9.46180534362793, 18.92361068725586, 0.1478407382965088, 0.2956814765930176, -13.234128952026367, 1.1827259063720703, 2.3654518127441406, 4.730903625488281, 9.461807250976562, 18.923614501953125, 0.012207022868096828, 0.024414045736193657, 0.048828091472387314, 0.09765618294477463, 0.19531236588954926, 0.3906247317790985, 0.781249463558197, 1.562498927116394, 0.1478407233953476, 0.2956814467906952, 0.5913628935813904, 1.1827257871627808, 2.3654515743255615, 4.730903148651123, 9.461806297302246, 18.923612594604492, 0.01220706570893526, 0.02441413141787052, 0.04882826283574104, 0.09765652567148209, 0.19531305134296417, 0.39062610268592834, 0.7812522053718567, 1.5625044107437134, 0.012207007966935635, 0.02441401593387127, 0.04882803186774254, 0.09765606373548508, 0.19531212747097015, 0.3906242549419403, 0.7812485098838806, 1.5624970197677612, 0.1478407084941864, 0.2956814169883728, 0.5913628339767456, 1.1827256679534912, 2.3654513359069824, 4.730902671813965, 9.46180534362793, 18.92361068725586, 0.012206998653709888, 0.024413997307419777, 0.048827994614839554, 0.09765598922967911, 0.19531197845935822, 0.39062395691871643, 0.7812479138374329, 1.5624958276748657, 0.012207034975290298, 0.024414069950580597, 0.048828139901161194, 0.09765627980232239, 0.19531255960464478, 0.39062511920928955, 0.7812502384185791, 1.5625004768371582, 0.012207050807774067, 0.024414101615548134, 0.04882820323109627, 0.09765640646219254, 0.19531281292438507, 0.39062562584877014, 0.7812512516975403, 1.5625025033950806, 0.012207007966935635, 0.02441401593387127, 0.04882803186774254, 0.09765606373548508, 0.19531212747097015, 0.3906242549419403, 0.7812485098838806, 1.5624970197677612, 0.0406901016831398, 0.0813802033662796, 0.1627604067325592, 0.3255208134651184, 0.6510416269302368, 1.3020832538604736, 2.6041665077209473, 5.2083330154418945, 0.0, 0.0, 0.0, 0.0, 0.0, 0.0, 0.0, 0.0, 0.0, 0.0, 0.0, 0.0, 0.0, 0.0, 0.0, 0.0], [0.2956814169883728, 0.5913628339767456, 1.1827256679534912, 2.3654513359069824, 4.730902671813965, 9.46180534362793, 18.92361068725586, 37.84722137451172, 0.2956814765930176, 0.5913629531860352, 1.1827259063720703, -25.28553009033203, 4.730903625488281, 9.461807250976562, 18.923614501953125, 37.84722900390625, 0.024414045736193657, 0.048828091472387314, 0.09765618294477463, 0.19531236588954926, 0.3906247317790985, 0.781249463558197, 1.562498927116394, 3.124997854232788, 0.2956814467906952, 0.5913628935813904, 1.1827257871627808, 2.3654515743255615, 4.730903148651123, 9.461806297302246, 18.923612594604492, 37.847225189208984, 0.02441413141787052, 0.04882826283574104, 0.09765652567148209, 0.19531305134296417, 0.39062610268592834, 0.7812522053718567, 1.5625044107437134, 3.1250088214874268, 0.02441401593387127, 0.04882803186774254, 0.09765606373548508, 0.19531212747097015, 0.3906242549419403, 0.7812485098838806, 1.5624970197677612, 3.1249940395355225, 0.2956814169883728, 0.5913628339767456, 1.1827256679534912, 2.3654513359069824, 4.730902671813965, 9.46180534362793, 18.92361068725586, 37.84722137451172, 0.024413997307419777, 0.048827994614839554, 0.09765598922967911, 0.19531197845935822, 0.39062395691871643, 0.7812479138374329, 1.5624958276748657, 3.1249916553497314, 0.024414069950580597, 0.048828139901161194, 0.09765627980232239, 0.19531255960464478, 0.39062511920928955, 0.7812502384185791, 1.5625004768371582, 3.1250009536743164, 0.024414101615548134, 0.04882820323109627, 0.09765640646219254, 0.19531281292438507, 0.39062562584877014, 0.7812512516975403, 1.5625025033950806, 3.125005006790161, 0.02441401593387127, 0.04882803186774254, 0.09765606373548508, 0.19531212747097015, 0.3906242549419403, 0.7812485098838806, 1.5624970197677612, 3.1249940395355225, 0.0813802033662796, 0.1627604067325592, 0.3255208134651184, 0.6510416269302368, 1.3020832538604736, 2.6041665077209473, 5.2083330154418945, 10.416666030883789, 0.0, 0.0, 0.0, 0.0, 0.0, 0.0, 0.0, 0.0, 0.0, 0.0, 0.0, 0.0, 0.0, 0.0, 0.0, 0.0], [0.5913628339767456, 1.1827256679534912, 2.3654513359069824, 4.730902671813965, 9.46180534362793, 18.92361068725586, 37.84722137451172, 75.69444274902344, 0.5913629531860352, 1.1827259063720703, 2.3654518127441406, 4.730903625488281, -45.84016036987305, 18.923614501953125, 37.84722900390625, 75.6944580078125, 0.048828091472387314, 0.09765618294477463, 0.19531236588954926, 0.3906247317790985, 0.781249463558197, 1.562498927116394, 3.124997854232788, 6.249995708465576, 0.5913628935813904, 1.1827257871627808, 2.3654515743255615, 4.730903148651123, 9.461806297302246, 18.923612594604492, 37.847225189208984, 75.69445037841797, 0.04882826283574104, 0.09765652567148209, 0.19531305134296417, 0.39062610268592834, 0.7812522053718567, 1.5625044107437134, 3.1250088214874268, 6.2500176429748535, 0.04882803186774254, 0.09765606373548508, 0.19531212747097015, 0.3906242549419403, 0.7812485098838806, 1.5624970197677612, 3.1249940395355225, 6.249988079071045, 0.5913628339767456, 1.1827256679534912, 2.3654513359069824, 4.730902671813965, 9.46180534362793, 18.92361068725586, 37.84722137451172, 75.69444274902344, 0.048827994614839554, 0.09765598922967911, 0.19531197845935822, 0.39062395691871643, 0.7812479138374329, 1.5624958276748657, 3.1249916553497314, 6.249983310699463, 0.048828139901161194, 0.09765627980232239, 0.19531255960464478, 0.39062511920928955, 0.7812502384185791, 1.5625004768371582, 3.1250009536743164, 6.250001907348633, 0.04882820323109627, 0.09765640646219254, 0.19531281292438507, 0.39062562584877014, 0.7812512516975403, 1.5625025033950806, 3.125005006790161, 6.250010013580322, 0.04882803186774254, 0.09765606373548508, 0.19531212747097015, 0.3906242549419403, 0.7812485098838806, 1.5624970197677612, 3.1249940395355225, 6.249988079071045, 0.1627604067325592, 0.3255208134651184, 0.6510416269302368, 1.3020832538604736, 2.6041665077209473, 5.2083330154418945, 10.416666030883789, 20.833332061767578, 0.0, 0.0, 0.0, 0.0, 0.0, 0.0, 0.0, 0.0, 0.0, 0.0, 0.0, 0.0, 0.0, 0.0, 0.0, 0.0], [1.1827256679534912, 2.3654513359069824, 4.730902671813965, 9.46180534362793, 18.92361068725586, 37.84722137451172, 75.69444274902344, 151.38888549804688, 1.1827259063720703, 2.3654518127441406, 4.730903625488281, 9.461807250976562, 18.923614501953125, -72.75670623779297, 75.6944580078125, 151.388916015625, 0.09765618294477463, 0.19531236588954926, 0.3906247317790985, 0.781249463558197, 1.562498927116394, 3.124997854232788, 6.249995708465576, 12.499991416931152, 1.1827257871627808, 2.3654515743255615, 4.730903148651123, 9.461806297302246, 18.923612594604492, 37.847225189208984, 75.69445037841797, 151.38890075683594, 0.09765652567148209, 0.19531305134296417, 0.39062610268592834, 0.7812522053718567, 1.5625044107437134, 3.1250088214874268, 6.2500176429748535, 12.500035285949707, 0.09765606373548508, 0.19531212747097015, 0.3906242549419403, 0.7812485098838806, 1.5624970197677612, 3.1249940395355225, 6.249988079071045, 12.49997615814209, 1.1827256679534912, 2.3654513359069824, 4.730902671813965, 9.46180534362793, 18.92361068725586, 37.84722137451172, 75.69444274902344, 151.38888549804688, 0.09765598922967911, 0.19531197845935822, 0.39062395691871643, 0.7812479138374329, 1.5624958276748657, 3.1249916553497314, 6.249983310699463, 12.499966621398926, 0.09765627980232239, 0.19531255960464478, 0.39062511920928955, 0.7812502384185791, 1.5625004768371582, 3.1250009536743164, 6.250001907348633, 12.500003814697266, 0.09765640646219254, 0.19531281292438507, 0.39062562584877014, 0.7812512516975403, 1.5625025033950806, 3.125005006790161, 6.250010013580322, 12.500020027160645, 0.09765606373548508, 0.19531212747097015, 0.3906242549419403, 0.7812485098838806, 1.5624970197677612, 3.1249940395355225, 6.249988079071045, 12.49997615814209, 0.3255208134651184, 0.6510416269302368, 1.3020832538604736, 2.6041665077209473, 5.2083330154418945, 10.416666030883789, 20.833332061767578, 41.666664123535156, 0.0, 0.0, 0.0, 0.0, 0.0, 0.0, 0.0, 0.0, 0.0, 0.0, 0.0, 0.0, 0.0, 0.0, 0.0, 0.0], [2.3654513359069824, 4.730902671813965, 9.46180534362793, 18.92361068725586, 37.84722137451172, 75.69444274902344, 151.38888549804688, 302.77777099609375, 2.3654518127441406, 4.730903625488281, 9.461807250976562, 18.923614501953125, 37.84722900390625, 75.6944580078125, -69.81895446777344, 302.77783203125, 0.19531236588954926, 0.3906247317790985, 0.781249463558197, 1.562498927116394, 3.124997854232788, 6.249995708465576, 12.499991416931152, 24.999982833862305, 2.3654515743255615, 4.730903148651123, 9.461806297302246, 18.923612594604492, 37.847225189208984, 75.69445037841797, 151.38890075683594, 302.7778015136719, 0.19531305134296417, 0.39062610268592834, 0.7812522053718567, 1.5625044107437134, 3.1250088214874268, 6.2500176429748535, 12.500035285949707, 25.000070571899414, 0.19531212747097015, 0.3906242549419403, 0.7812485098838806, 1.5624970197677612, 3.1249940395355225, 6.249988079071045, 12.49997615814209, 24.99995231628418, 2.3654513359069824, 4.730902671813965, 9.46180534362793, 18.92361068725586, 37.84722137451172, 75.69444274902344, 151.38888549804688, 302.77777099609375, 0.19531197845935822, 0.39062395691871643, 0.7812479138374329, 1.5624958276748657, 3.1249916553497314, 6.249983310699463, 12.499966621398926, 24.99993324279785, 0.19531255960464478, 0.39062511920928955, 0.7812502384185791, 1.5625004768371582, 3.1250009536743164, 6.250001907348633, 12.500003814697266, 25.00000762939453, 0.19531281292438507, 0.39062562584877014, 0.7812512516975403, 1.5625025033950806, 3.125005006790161, 6.250010013580322, 12.500020027160645, 25.00004005432129, 0.19531212747097015, 0.3906242549419403, 0.7812485098838806, 1.5624970197677612, 3.1249940395355225, 6.249988079071045, 12.49997615814209, 24.99995231628418, 0.6510416269302368, 1.3020832538604736, 2.6041665077209473, 5.2083330154418945, 10.416666030883789, 20.833332061767578, 41.666664123535156, 83.33332824707031, 0.0, 0.0, 0.0, 0.0, 0.0, 0.0, 0.0, 0.0, 0.0, 0.0, 0.0, 0.0, 0.0, 0.0, 0.0, 0.0], [4.730902671813965, 9.46180534362793, 18.92361068725586, 37.84722137451172, 75.69444274902344, 151.38888549804688, 302.77777099609375, 605.5555419921875, 4.730903625488281, 9.461807250976562, 18.923614501953125, 37.84722900390625, 75.6944580078125, 151.388916015625, 302.77783203125, 163.1399383544922, 0.3906247317790985, 0.781249463558197, 1.562498927116394, 3.124997854232788, 6.249995708465576, 12.499991416931152, 24.999982833862305, 49.99996566772461, 4.730903148651123, 9.461806297302246, 18.923612594604492, 37.847225189208984, 75.69445037841797, 151.38890075683594, 302.7778015136719, 605.5556030273438, 0.39062610268592834, 0.7812522053718567, 1.5625044107437134, 3.1250088214874268, 6.2500176429748535, 12.500035285949707, 25.000070571899414, 50.00014114379883, 0.3906242549419403, 0.7812485098838806, 1.5624970197677612, 3.1249940395355225, 6.249988079071045, 12.49997615814209, 24.99995231628418, 49.99990463256836, 4.730902671813965, 9.46180534362793, 18.92361068725586, 37.84722137451172, 75.69444274902344, 151.38888549804688, 302.77777099609375, 605.5555419921875, 0.39062395691871643, 0.7812479138374329, 1.5624958276748657, 3.1249916553497314, 6.249983310699463, 12.499966621398926, 24.99993324279785, 49.9998664855957, 0.39062511920928955, 0.7812502384185791, 1.5625004768371582, 3.1250009536743164, 6.250001907348633, 12.500003814697266, 25.00000762939453, 50.00001525878906, 0.39062562584877014, 0.7812512516975403, 1.5625025033950806, 3.125005006790161, 6.250010013580322, 12.500020027160645, 25.00004005432129, 50.00008010864258, 0.3906242549419403, 0.7812485098838806, 1.5624970197677612, 3.1249940395355225, 6.249988079071045, 12.49997615814209, 24.99995231628418, 49.99990463256836, 1.3020832538604736, 2.6041665077209473, 5.2083330154418945, 10.416666030883789, 20.833332061767578, 41.666664123535156, 83.33332824707031, 166.66665649414062, 0.0, 0.0, 0.0, 0.0, 0.0, 0.0, 0.0, 0.0, 0.0, 0.0, 0.0, 0.0, 0.0, 0.0, 0.0, 0.0], [0.0030517580453306437, 0.006103516090661287, 0.012207032181322575, 0.02441406436264515, 0.0488281287252903, 0.0976562574505806, 0.1953125149011612, 0.3906250298023224, 0.003051755717024207, 0.006103511434048414, 0.012207022868096828, 0.024414045736193657, 0.048828091472387314, 0.09765618294477463, 0.19531236588954926, 0.3906247317790985, -1.5594247579574585, 0.006103517487645149, 0.012207034975290298, 0.024414069950580597, 0.048828139901161194, 0.09765627980232239, 0.19531255960464478, 0.39062511920928955, 0.003051757114008069, 0.006103514228016138, 0.012207028456032276, 0.024414056912064552, 0.048828113824129105, 0.09765622764825821, 0.19531245529651642, 0.39062491059303284, 0.0030517554841935635, 0.006103510968387127, 0.012207021936774254, 0.024414043873548508, 0.048828087747097015, 0.09765617549419403, 0.19531235098838806, 0.3906247019767761, 0.00305176037363708, 0.00610352074727416, 0.01220704149454832, 0.02441408298909664, 0.04882816597819328, 0.09765633195638657, 0.19531266391277313, 0.39062532782554626, 0.0030517582781612873, 0.006103516556322575, 0.01220703311264515, 0.0244140662252903, 0.0488281324505806, 0.0976562649011612, 0.1953125298023224, 0.3906250596046448, 0.003051761770620942, 0.006103523541241884, 0.012207047082483768, 0.024414094164967537, 0.048828188329935074, 0.09765637665987015, 0.1953127533197403, 0.3906255066394806, 0.0030517575796693563, 0.006103515159338713, 0.012207030318677425, 0.02441406063735485, 0.0488281212747097, 0.0976562425494194, 0.1953124850988388, 0.3906249701976776, 0.003051756415516138, 0.006103512831032276, 0.012207025662064552, 0.024414051324129105, 0.04882810264825821, 0.09765620529651642, 0.19531241059303284, 0.3906248211860657, 0.003051760606467724, 0.006103521212935448, 0.012207042425870895, 0.02441408485174179, 0.04882816970348358, 0.09765633940696716, 0.19531267881393433, 0.39062535762786865, 0.0, 0.0, 0.0, 0.0, 0.0, 0.0, 0.0, 0.0, 0.0, 0.0, 0.0, 0.0, 0.0, 0.0, 0.0, 0.0, 0.0, 0.0, 0.0, 0.0, 0.0, 0.0, 0.0, 0.0], [0.006103516090661287, 0.012207032181322575, 0.02441406436264515, 0.0488281287252903, 0.0976562574505806, 0.1953125149011612, 0.3906250298023224, 0.7812500596046448, 0.006103511434048414, 0.012207022868096828, 0.024414045736193657, 0.048828091472387314, 0.09765618294477463, 0.19531236588954926, 0.3906247317790985, 0.781249463558197, 0.006103517487645149, -3.112746000289917, 0.024414069950580597, 0.048828139901161194, 0.09765627980232239, 0.19531255960464478, 0.39062511920928955, 0.7812502384185791, 0.006103514228016138, 0.012207028456032276, 0.024414056912064552, 0.048828113824129105, 0.09765622764825821, 0.19531245529651642, 0.39062491059303284, 0.7812498211860657, 0.006103510968387127, 0.012207021936774254, 0.024414043873548508, 0.048828087747097015, 0.09765617549419403, 0.19531235098838806, 0.3906247019767761, 0.7812494039535522, 0.00610352074727416, 0.01220704149454832, 0.02441408298909664, 0.04882816597819328, 0.09765633195638657, 0.19531266391277313, 0.39062532782554626, 0.7812506556510925, 0.006103516556322575, 0.01220703311264515, 0.0244140662252903, 0.0488281324505806, 0.0976562649011612, 0.1953125298023224, 0.3906250596046448, 0.7812501192092896, 0.006103523541241884, 0.012207047082483768, 0.024414094164967537, 0.048828188329935074, 0.09765637665987015, 0.1953127533197403, 0.3906255066394806, 0.7812510132789612, 0.006103515159338713, 0.012207030318677425, 0.02441406063735485, 0.0488281212747097, 0.0976562425494194, 0.1953124850988388, 0.3906249701976776, 0.7812499403953552, 0.006103512831032276, 0.012207025662064552, 0.024414051324129105, 0.04882810264825821