{"size": [112, 112], "args": [["A12.csv", "A13.csv", "A14.csv", "A15.csv", "A16.csv", "A17.csv", "A18.csv", "A19.csv", "A20.csv", "A21.csv", "A22.csv"], 0.3, 0.5, 0.5, 0.2, 5, [64, 32, 16], [[100.0, 100.0, 100.0, 100.0], [10.0, 10.0, 10.0, 10.0], [50.0, 50.0, 50.0, 50.0], [200.0, 200.0, 200.0, 200.0]]], "c": [100.0, 100.0, 100.0, 100.0], "tag": "r11-12-13-14-15-16-17-18-19-20-21-0.3-0.5-0.5-0.2-5-100.0-100.0-100.0-100.0-112x112", "data:": {"q": {"x1": [0.0], "x2": [0.0], "x3": [0.0], "x4": [0.0], "x5": [0.0], "x6": [0.0], "x7": [0.125], "x8": [0.0625], "x9": [0.8125], "x10": [0.0], "x11": [0.0]}, "program": "minimize(list(x1,x2,x3,x4,x5,x6,x7,x8,x9,x10,x11),((0.00050280851*x1*x1)+(-0.00019062827545936423*x1*x2)+(-4.031530205846567e-05*x1*x3)+(0.0007700176504322732*x1*x4)+(6.192713992171585e-05*x1*x5)+(0.00048811123386023885*x1*x6)+(-0.00023036235438285524*x1*x7)+(-8.794945473561527e-05*x1*x8)+(0.00017771429542756334*x1*x9)+(-0.00028016271120196974*x1*x10)+(1.8261617634297466e-05*x1*x11)+(-0.00019062827545936423*x2*x1)+(0.0002215961095*x2*x2)+(4.138051815909238e-05*x2*x3)+(-0.00026616938600436315*x2*x4)+(-2.6005447507047694e-05*x2*x5)+(-0.00019009026157816382*x2*x6)+(0.00038132936867621534*x2*x7)+(9.12582481698027e-05*x2*x8)+(-7.144269058242879e-05*x2*x9)+(0.0003274615890845067*x2*x10)+(-6.948233787202782e-06*x2*x11)+(-4.031530205846567e-05*x3*x1)+(4.138051815909238e-05*x3*x2)+(1.033340535e-05*x3*x3)+(-6.673337963305604e-05*x3*x4)+(-3.8409998700419695e-07*x3*x5)+(-3.770919999804347e-05*x3*x6)+(5.0682785566240185e-05*x3*x7)+(2.149816919905578e-05*x3*x8)+(-1.2906774843073148e-05*x3*x9)+(6.069472466996569e-05*x3*x10)+(7.830762370487581e-07*x3*x11)+(0.0007700176504322732*x4*x1)+(-0.00026616938600436315*x4*x2)+(-6.673337963305604e-05*x4*x3)+(0.001219171765*x4*x4)+(7.562576050701523e-05*x4*x5)+(0.0007380159825363063*x4*x6)+(-0.00023041520169260102*x4*x7)+(-0.00014086357313986166*x4*x8)+(0.00026378168779700494*x4*x9)+(-0.00038925522235463056*x4*x10)+(1.9545642861722545e-05*x4*x11)+(6.192713992171585e-05*x5*x1)+(-2.6005447507047694e-05*x5*x2)+(-3.8409998700419695e-07*x5*x3)+(7.562576050701523e-05*x5*x4)+(1.76012048e-05*x5*x5)+(6.476448698375362e-05*x5*x6)+(-7.124303554703252e-05*x5*x7)+(-3.260291775633701e-06*x5*x8)+(2.601586810319568e-05*x5*x9)+(-3.910717150957514e-05*x5*x10)+(6.701513687147297e-06*x5*x11)+(0.00048811123386023885*x6*x1)+(-0.00019009026157816382*x6*x2)+(-3.770919999804347e-05*x6*x3)+(0.0007380159825363063*x6*x4)+(6.476448698375362e-05*x6*x5)+(0.000476109129*x6*x6)+(-0.00025094866257730354*x6*x7)+(-8.340248266012542e-05*x6*x8)+(0.0001745215178258947*x6*x9)+(-0.0002798260167923604*x6*x10)+(1.977381483915984e-05*x6*x11)+(-0.00023036235438285524*x7*x1)+(0.00038132936867621534*x7*x2)+(5.0682785566240185e-05*x7*x3)+(-0.00023041520169260102*x7*x4)+(-7.124303554703252e-05*x7*x5)+(-0.00025094866257730354*x7*x6)+(0.0008289611*x7*x7)+(0.00012168529988102242*x7*x8)+(-0.00010491538277051133*x7*x9)+(0.0005672198584384658*x7*x10)+(-2.540282805646928e-05*x7*x11)+(-8.794945473561527e-05*x8*x1)+(9.12582481698027e-05*x8*x2)+(2.149816919905578e-05*x8*x3)+(-0.00014086357313986166*x8*x4)+(-3.260291775633701e-06*x8*x5)+(-8.340248266012542e-05*x8*x6)+(0.00012168529988102242*x8*x7)+(4.5209583e-05*x8*x8)+(-2.91667702333832e-05*x8*x9)+(0.00013407502626712708*x8*x10)+(6.297422691107892e-07*x8*x11)+(0.00017771429542756334*x9*x1)+(-7.144269058242879e-05*x9*x2)+(-1.2906774843073148e-05*x9*x3)+(0.00026378168779700494*x9*x4)+(2.601586810319568e-05*x9*x5)+(0.0001745215178258947*x9*x6)+(-0.00010491538277051133*x9*x7)+(-2.91667702333832e-05*x9*x8)+(6.45818595e-05*x9*x9)+(-0.00010539697220660459*x9*x10)+(8.274801681695728e-06*x9*x11)+(-0.00028016271120196974*x10*x1)+(0.0003274615890845067*x10*x2)+(6.069472466996569e-05*x10*x3)+(-0.00038925522235463056*x10*x4)+(-3.910717150957514e-05*x10*x5)+(-0.0002798260167923604*x10*x6)+(0.0005672198584384658*x10*x7)+(0.00013407502626712708*x10*x8)+(-0.00010539697220660459*x10*x9)+(0.00048398427750000005*x10*x10)+(-1.0596258285851005e-05*x10*x11)+(1.8261617634297466e-05*x11*x1)+(-6.948233787202782e-06*x11*x2)+(7.830762370487581e-07*x11*x3)+(1.9545642861722545e-05*x11*x4)+(6.701513687147297e-06*x11*x5)+(1.977381483915984e-05*x11*x6)+(-2.540282805646928e-05*x11*x7)+(6.297422691107892e-07*x11*x8)+(8.274801681695728e-06*x11*x9)+(-1.0596258285851005e-05*x11*x10)+(2.6589402100000005e-06*x11*x11)-((-0.01*x1)+(-0.0185*x2)+(-0.0115*x3)+(-0.007*x4)+(-0.0225*x5)+(-0.0115*x6)+(-0.006*x7)+(-0.0115*x8)+(-0.006*x9)+(-0.017*x10)+(-0.02*x11))))\n & label('total', x1+x2+x3+x4+x5+x6+x7+x8+x9+x10+x11==1.0) & \nlabel('eqlimit', (0.0*x1)+(0.0*x2)+(0.0*x3)+(0.0*x4)+(3.3333333333333335*x5)+(0.0*x6)+(0.0*x7)+(3.3333333333333335*x8)+(0.0*x9)+(3.3333333333333335*x10)+(3.3333333333333335*x11)<1.0) & \nlabel('filimit', (2.0*x1)+(2.0*x2)+(0.0*x3)+(0.0*x4)+(0.0*x5)+(2.0*x6)+(0.0*x7)+(0.0*x8)+(0.0*x9)+(0.0*x10)+(0.0*x11)<1.0) & \nlabel('xxxlimit', (0.0*x1)+(0.0*x2)+(2.0*x3)+(2.0*x4)+(0.0*x5)+(0.0*x6)+(2.0*x7)+(0.0*x8)+(0.0*x9)+(0.0*x10)+(0.0*x11)<1.0)", "matrix": [[-1.7096614837646484, 0.0369601771235466, 0.0739203542470932, 0.1478407084941864, 0.2956814169883728, 0.5913628339767456, 1.1827256679534912, 2.3654513359069824, 0.0184800885617733, 0.0369601771235466, 0.0739203542470932, 0.1478407084941864, 0.2956814169883728, 0.5913628339767456, 1.1827256679534912, 2.3654513359069824, 0.0015258790226653218, 0.0030517580453306437, 0.006103516090661287, 0.012207032181322575, 0.02441406436264515, 0.0488281287252903, 0.0976562574505806, 0.1953125149011612, 0.0184800885617733, 0.0369601771235466, 0.0739203542470932, 0.1478407084941864, 0.2956814169883728, 0.5913628339767456, 1.1827256679534912, 2.3654513359069824, 0.0015258785570040345, 0.003051757114008069, 0.006103514228016138, 0.012207028456032276, 0.024414056912064552, 0.048828113824129105, 0.09765622764825821, 0.19531245529651642, 0.0015258792554959655, 0.003051758510991931, 0.006103517021983862, 0.012207034043967724, 0.024414068087935448, 0.048828136175870895, 0.09765627235174179, 0.19531254470348358, 0.0184800885617733, 0.0369601771235466, 0.0739203542470932, 0.1478407084941864, 0.2956814169883728, 0.5913628339767456, 1.1827256679534912, 2.3654513359069824, 0.0015258792554959655, 0.003051758510991931, 0.006103517021983862, 0.012207034043967724, 0.024414068087935448, 0.048828136175870895, 0.09765627235174179, 0.19531254470348358, 0.00152587890625, 0.0030517578125, 0.006103515625, 0.01220703125, 0.0244140625, 0.048828125, 0.09765625, 0.1953125, 0.0015258787898346782, 0.0030517575796693563, 0.006103515159338713, 0.012207030318677425, 0.02441406063735485, 0.0488281212747097, 0.0976562425494194, 0.1953124850988388, 0.0015258791390806437, 0.0030517582781612873, 0.006103516556322575, 0.01220703311264515, 0.0244140662252903, 0.0488281324505806, 0.0976562649011612, 0.1953125298023224, 0.005086262710392475, 0.01017252542078495, 0.0203450508415699, 0.0406901016831398, 0.0813802033662796, 0.1627604067325592, 0.3255208134651184, 0.6510416269302368, 0.0, 0.0, 0.0, 0.0, 0.0, 0.0, 0.0, 0.0, 0.0, 0.0, 0.0, 0.0, 0.0, 0.0, 0.0, 0.0], [0.0369601771235466, -3.3823628425598145, 0.1478407084941864, 0.2956814169883728, 0.5913628339767456, 1.1827256679534912, 2.3654513359069824, 4.730902671813965, 0.0369601771235466, 0.0739203542470932, 0.1478407084941864, 0.2956814169883728, 0.5913628339767456, 1.1827256679534912, 2.3654513359069824, 4.730902671813965, 0.0030517580453306437, 0.006103516090661287, 0.012207032181322575, 0.02441406436264515, 0.0488281287252903, 0.0976562574505806, 0.1953125149011612, 0.3906250298023224, 0.0369601771235466, 0.0739203542470932, 0.1478407084941864, 0.2956814169883728, 0.5913628339767456, 1.1827256679534912, 2.3654513359069824, 4.730902671813965, 0.003051757114008069, 0.006103514228016138, 0.012207028456032276, 0.024414056912064552, 0.048828113824129105, 0.09765622764825821, 0.19531245529651642, 0.39062491059303284, 0.003051758510991931, 0.006103517021983862, 0.012207034043967724, 0.024414068087935448, 0.048828136175870895, 0.09765627235174179, 0.19531254470348358, 0.39062508940696716, 0.0369601771235466, 0.0739203542470932, 0.1478407084941864, 0.2956814169883728, 0.5913628339767456, 1.1827256679534912, 2.3654513359069824, 4.730902671813965, 0.003051758510991931, 0.006103517021983862, 0.012207034043967724, 0.024414068087935448, 0.048828136175870895, 0.09765627235174179, 0.19531254470348358, 0.39062508940696716, 0.0030517578125, 0.006103515625, 0.01220703125, 0.0244140625, 0.048828125, 0.09765625, 0.1953125, 0.390625, 0.0030517575796693563, 0.006103515159338713, 0.012207030318677425, 0.02441406063735485, 0.0488281212747097, 0.0976562425494194, 0.1953124850988388, 0.3906249701976776, 0.0030517582781612873, 0.006103516556322575, 0.01220703311264515, 0.0244140662252903, 0.0488281324505806, 0.0976562649011612, 0.1953125298023224, 0.3906250596046448, 0.01017252542078495, 0.0203450508415699, 0.0406901016831398, 0.0813802033662796, 0.1627604067325592, 0.3255208134651184, 0.6510416269302368, 1.3020832538604736, 0.0, 0.0, 0.0, 0.0, 0.0, 0.0, 0.0, 0.0, 0.0, 0.0, 0.0, 0.0, 0.0, 0.0, 0.0, 0.0], [0.0739203542470932, 0.1478407084941864, -6.616885185241699, 0.5913628339767456, 1.1827256679534912, 2.3654513359069824, 4.730902671813965, 9.46180534362793, 0.0739203542470932, 0.1478407084941864, 0.2956814169883728, 0.5913628339767456, 1.1827256679534912, 2.3654513359069824, 4.730902671813965, 9.46180534362793, 0.006103516090661287, 0.012207032181322575, 0.02441406436264515, 0.0488281287252903, 0.0976562574505806, 0.1953125149011612, 0.3906250298023224, 0.7812500596046448, 0.0739203542470932, 0.1478407084941864, 0.2956814169883728, 0.5913628339767456, 1.1827256679534912, 2.3654513359069824, 4.730902671813965, 9.46180534362793, 0.006103514228016138, 0.012207028456032276, 0.024414056912064552, 0.048828113824129105, 0.09765622764825821, 0.19531245529651642, 0.39062491059303284, 0.7812498211860657, 0.006103517021983862, 0.012207034043967724, 0.024414068087935448, 0.048828136175870895, 0.09765627235174179, 0.19531254470348358, 0.39062508940696716, 0.7812501788139343, 0.0739203542470932, 0.1478407084941864, 0.2956814169883728, 0.5913628339767456, 1.1827256679534912, 2.3654513359069824, 4.730902671813965, 9.46180534362793, 0.006103517021983862, 0.012207034043967724, 0.024414068087935448, 0.048828136175870895, 0.09765627235174179, 0.19531254470348358, 0.39062508940696716, 0.7812501788139343, 0.006103515625, 0.01220703125, 0.0244140625, 0.048828125, 0.09765625, 0.1953125, 0.390625, 0.78125, 0.006103515159338713, 0.012207030318677425, 0.02441406063735485, 0.0488281212747097, 0.0976562425494194, 0.1953124850988388, 0.3906249701976776, 0.7812499403953552, 0.006103516556322575, 0.01220703311264515, 0.0244140662252903, 0.0488281324505806, 0.0976562649011612, 0.1953125298023224, 0.3906250596046448, 0.7812501192092896, 0.0203450508415699, 0.0406901016831398, 0.0813802033662796, 0.1627604067325592, 0.3255208134651184, 0.6510416269302368, 1.3020832538604736, 2.6041665077209473, 0.0, 0.0, 0.0, 0.0, 0.0, 0.0, 0.0, 0.0, 0.0, 0.0, 0.0, 0.0, 0.0, 0.0, 0.0, 0.0], [0.1478407084941864, 0.2956814169883728, 0.5913628339767456, -12.642406463623047, 2.3654513359069824, 4.730902671813965, 9.46180534362793, 18.92361068725586, 0.1478407084941864, 0.2956814169883728, 0.5913628339767456, 1.1827256679534912, 2.3654513359069824, 4.730902671813965, 9.46180534362793, 18.92361068725586, 0.012207032181322575, 0.02441406436264515, 0.0488281287252903, 0.0976562574505806, 0.1953125149011612, 0.3906250298023224, 0.7812500596046448, 1.5625001192092896, 0.1478407084941864, 0.2956814169883728, 0.5913628339767456, 1.1827256679534912, 2.3654513359069824, 4.730902671813965, 9.46180534362793, 18.92361068725586, 0.012207028456032276, 0.024414056912064552, 0.048828113824129105, 0.09765622764825821, 0.19531245529651642, 0.39062491059303284, 0.7812498211860657, 1.5624996423721313, 0.012207034043967724, 0.024414068087935448, 0.048828136175870895, 0.09765627235174179, 0.19531254470348358, 0.39062508940696716, 0.7812501788139343, 1.5625003576278687, 0.1478407084941864, 0.2956814169883728, 0.5913628339767456, 1.1827256679534912, 2.3654513359069824, 4.730902671813965, 9.46180534362793, 18.92361068725586, 0.012207034043967724, 0.024414068087935448, 0.048828136175870895, 0.09765627235174179, 0.19531254470348358, 0.39062508940696716, 0.7812501788139343, 1.5625003576278687, 0.01220703125, 0.0244140625, 0.048828125, 0.09765625, 0.1953125, 0.390625, 0.78125, 1.5625, 0.012207030318677425, 0.02441406063735485, 0.0488281212747097, 0.0976562425494194, 0.1953124850988388, 0.3906249701976776, 0.7812499403953552, 1.5624998807907104, 0.01220703311264515, 0.0244140662252903, 0.0488281324505806, 0.0976562649011612, 0.1953125298023224, 0.3906250596046448, 0.7812501192092896, 1.562500238418579, 0.0406901016831398, 0.0813802033662796, 0.1627604067325592, 0.3255208134651184, 0.6510416269302368, 1.3020832538604736, 2.6041665077209473, 5.2083330154418945, 0.0, 0.0, 0.0, 0.0, 0.0, 0.0, 0.0, 0.0, 0.0, 0.0, 0.0, 0.0, 0.0, 0.0, 0.0, 0.0], [0.2956814169883728, 0.5913628339767456, 1.1827256679534912, 2.3654513359069824, -22.919361114501953, 9.46180534362793, 18.92361068725586, 37.84722137451172, 0.2956814169883728, 0.5913628339767456, 1.1827256679534912, 2.3654513359069824, 4.730902671813965, 9.46180534362793, 18.92361068725586, 37.84722137451172, 0.02441406436264515, 0.0488281287252903, 0.0976562574505806, 0.1953125149011612, 0.3906250298023224, 0.7812500596046448, 1.5625001192092896, 3.125000238418579, 0.2956814169883728, 0.5913628339767456, 1.1827256679534912, 2.3654513359069824, 4.730902671813965, 9.46180534362793, 18.92361068725586, 37.84722137451172, 0.024414056912064552, 0.048828113824129105, 0.09765622764825821, 0.19531245529651642, 0.39062491059303284, 0.7812498211860657, 1.5624996423721313, 3.1249992847442627, 0.024414068087935448, 0.048828136175870895, 0.09765627235174179, 0.19531254470348358, 0.39062508940696716, 0.7812501788139343, 1.5625003576278687, 3.1250007152557373, 0.2956814169883728, 0.5913628339767456, 1.1827256679534912, 2.3654513359069824, 4.730902671813965, 9.46180534362793, 18.92361068725586, 37.84722137451172, 0.024414068087935448, 0.048828136175870895, 0.09765627235174179, 0.19531254470348358, 0.39062508940696716, 0.7812501788139343, 1.5625003576278687, 3.1250007152557373, 0.0244140625, 0.048828125, 0.09765625, 0.1953125, 0.390625, 0.78125, 1.5625, 3.125, 0.02441406063735485, 0.0488281212747097, 0.0976562425494194, 0.1953124850988388, 0.3906249701976776, 0.7812499403953552, 1.5624998807907104, 3.124999761581421, 0.0244140662252903, 0.0488281324505806, 0.0976562649011612, 0.1953125298023224, 0.3906250596046448, 0.7812501192092896, 1.562500238418579, 3.125000476837158, 0.0813802033662796, 0.1627604067325592, 0.3255208134651184, 0.6510416269302368, 1.3020832538604736, 2.6041665077209473, 5.2083330154418945, 10.416666030883789, 0.0, 0.0, 0.0, 0.0, 0.0, 0.0, 0.0, 0.0, 0.0, 0.0, 0.0, 0.0, 0.0, 0.0, 0.0, 0.0], [0.5913628339767456, 1.1827256679534912, 2.3654513359069824, 4.730902671813965, 9.46180534362793, -36.37691879272461, 37.84722137451172, 75.69444274902344, 0.5913628339767456, 1.1827256679534912, 2.3654513359069824, 4.730902671813965, 9.46180534362793, 18.92361068725586, 37.84722137451172, 75.69444274902344, 0.0488281287252903, 0.0976562574505806, 0.1953125149011612, 0.3906250298023224, 0.7812500596046448, 1.5625001192092896, 3.125000238418579, 6.250000476837158, 0.5913628339767456, 1.1827256679534912, 2.3654513359069824, 4.730902671813965, 9.46180534362793, 18.92361068725586, 37.84722137451172, 75.69444274902344, 0.048828113824129105, 0.09765622764825821, 0.19531245529651642, 0.39062491059303284, 0.7812498211860657, 1.5624996423721313, 3.1249992847442627, 6.249998569488525, 0.048828136175870895, 0.09765627235174179, 0.19531254470348358, 0.39062508940696716, 0.7812501788139343, 1.5625003576278687, 3.1250007152557373, 6.250001430511475, 0.5913628339767456, 1.1827256679534912, 2.3654513359069824, 4.730902671813965, 9.46180534362793, 18.92361068725586, 37.84722137451172, 75.69444274902344, 0.048828136175870895, 0.09765627235174179, 0.19531254470348358, 0.39062508940696716, 0.7812501788139343, 1.5625003576278687, 3.1250007152557373, 6.250001430511475, 0.048828125, 0.09765625, 0.1953125, 0.390625, 0.78125, 1.5625, 3.125, 6.25, 0.0488281212747097, 0.0976562425494194, 0.1953124850988388, 0.3906249701976776, 0.7812499403953552, 1.5624998807907104, 3.124999761581421, 6.249999523162842, 0.0488281324505806, 0.0976562649011612, 0.1953125298023224, 0.3906250596046448, 0.7812501192092896, 1.562500238418579, 3.125000476837158, 6.250000953674316, 0.1627604067325592, 0.3255208134651184, 0.6510416269302368, 1.3020832538604736, 2.6041665077209473, 5.2083330154418945, 10.416666030883789, 20.833332061767578, 0.0, 0.0, 0.0, 0.0, 0.0, 0.0, 0.0, 0.0, 0.0, 0.0, 0.0, 0.0, 0.0, 0.0, 0.0, 0.0], [1.1827256679534912, 2.3654513359069824, 4.730902671813965, 9.46180534362793, 18.92361068725586, 37.84722137451172, -34.9066162109375, 151.38888549804688, 1.1827256679534912, 2.3654513359069824, 4.730902671813965, 9.46180534362793, 18.92361068725586, 37.84722137451172, 75.69444274902344, 151.38888549804688, 0.0976562574505806, 0.1953125149011612, 0.3906250298023224, 0.7812500596046448, 1.5625001192092896, 3.125000238418579, 6.250000476837158, 12.500000953674316, 1.1827256679534912, 2.3654513359069824, 4.730902671813965, 9.46180534362793, 18.92361068725586, 37.84722137451172, 75.69444274902344, 151.38888549804688, 0.09765622764825821, 0.19531245529651642, 0.39062491059303284, 0.7812498211860657, 1.5624996423721313, 3.1249992847442627, 6.249998569488525, 12.49999713897705, 0.09765627235174179, 0.19531254470348358, 0.39062508940696716, 0.7812501788139343, 1.5625003576278687, 3.1250007152557373, 6.250001430511475, 12.50000286102295, 1.1827256679534912, 2.3654513359069824, 4.730902671813965, 9.46180534362793, 18.92361068725586, 37.84722137451172, 75.69444274902344, 151.38888549804688, 0.09765627235174179, 0.19531254470348358, 0.39062508940696716, 0.7812501788139343, 1.5625003576278687, 3.1250007152557373, 6.250001430511475, 12.50000286102295, 0.09765625, 0.1953125, 0.390625, 0.78125, 1.5625, 3.125, 6.25, 12.5, 0.0976562425494194, 0.1953124850988388, 0.3906249701976776, 0.7812499403953552, 1.5624998807907104, 3.124999761581421, 6.249999523162842, 12.499999046325684, 0.0976562649011612, 0.1953125298023224, 0.3906250596046448, 0.7812501192092896, 1.562500238418579, 3.125000476837158, 6.250000953674316, 12.500001907348633, 0.3255208134651184, 0.6510416269302368, 1.3020832538604736, 2.6041665077209473, 5.2083330154418945, 10.416666030883789, 20.833332061767578, 41.666664123535156, 0.0, 0.0, 0.0, 0.0, 0.0, 0.0, 0.0, 0.0, 0.0, 0.0, 0.0, 0.0, 0.0, 0.0, 0.0, 0.0], [2.3654513359069824, 4.730902671813965, 9.46180534362793, 18.92361068725586, 37.84722137451172, 75.69444274902344, 151.38888549804688, 81.5756607055664, 2.3654513359069824, 4.730902671813965, 9.46180534362793, 18.92361068725586, 37.84722137451172, 75.69444274902344, 151.38888549804688, 302.77777099609375, 0.1953125149011612, 0.3906250298023224, 0.7812500596046448, 1.5625001192092896, 3.125000238418579, 6.250000476837158, 12.500000953674316, 25.000001907348633, 2.3654513359069824, 4.730902671813965, 9.46180534362793, 18.92361068725586, 37.84722137451172, 75.69444274902344, 151.38888549804688, 302.77777099609375, 0.19531245529651642, 0.39062491059303284, 0.7812498211860657, 1.5624996423721313, 3.1249992847442627, 6.249998569488525, 12.49999713897705, 24.9999942779541, 0.19531254470348358, 0.39062508940696716, 0.7812501788139343, 1.5625003576278687, 3.1250007152557373, 6.250001430511475, 12.50000286102295, 25.0000057220459, 2.3654513359069824, 4.730902671813965, 9.46180534362793, 18.92361068725586, 37.84722137451172, 75.69444274902344, 151.38888549804688, 302.77777099609375, 0.19531254470348358, 0.39062508940696716, 0.7812501788139343, 1.5625003576278687, 3.1250007152557373, 6.250001430511475, 12.50000286102295, 25.0000057220459, 0.1953125, 0.390625, 0.78125, 1.5625, 3.125, 6.25, 12.5, 25.0, 0.1953124850988388, 0.3906249701976776, 0.7812499403953552, 1.5624998807907104, 3.124999761581421, 6.249999523162842, 12.499999046325684, 24.999998092651367, 0.1953125298023224, 0.3906250596046448, 0.7812501192092896, 1.562500238418579, 3.125000476837158, 6.250000953674316, 12.500001907348633, 25.000003814697266, 0.6510416269302368, 1.3020832538604736, 2.6041665077209473, 5.2083330154418945, 10.416666030883789, 20.833332061767578, 41.666664123535156, 83.33332824707031, 0.0, 0.0, 0.0, 0.0, 0.0, 0.0, 0.0, 0.0, 0.0, 0.0, 0.0, 0.0, 0.0, 0.0, 0.0, 0.0], [0.0184800885617733, 0.0369601771235466, 0.0739203542470932, 0.1478407084941864, 0.2956814169883728, 0.5913628339767456, 1.1827256679534912, 2.3654513359069824, -1.7096731662750244, 0.036960192024707794, 0.07392038404941559, 0.14784076809883118, 0.29568153619766235, 0.5913630723953247, 1.1827261447906494, 2.365452289581299, 0.0015258772764354944, 0.003051754552870989, 0.006103509105741978, 0.012207018211483955, 0.02441403642296791, 0.04882807284593582, 0.09765614569187164, 0.1953122913837433, 0.01848009042441845, 0.0369601808488369, 0.0739203616976738, 0.1478407233953476, 0.2956814467906952, 0.5913628935813904, 1.1827257871627808, 2.3654515743255615, 0.0015258875209838152, 0.0030517750419676304, 0.006103550083935261, 0.012207100167870522, 0.024414200335741043, 0.048828400671482086, 0.09765680134296417, 0.19531360268592834, 0.0015258745988830924, 0.003051749197766185, 0.00610349839553237, 0.01220699679106474, 0.02441399358212948, 0.04882798716425896, 0.09765597432851791, 0.19531194865703583, 0.0184800885617733, 0.0369601771235466, 0.0739203542470932, 0.1478407084941864, 0.2956814169883728, 0.5913628339767456, 1.1827256679534912, 2.3654513359069824, 0.0015258729690685868, 0.0030517459381371737, 0.006103491876274347, 0.012206983752548695, 0.02441396750509739, 0.04882793501019478, 0.09765587002038956, 0.1953117400407791, 0.0015258798375725746, 0.0030517596751451492, 0.0061035193502902985, 0.012207038700580597, 0.024414077401161194, 0.04882815480232239, 0.09765630960464478, 0.19531261920928955, 0.0015258839121088386, 0.003051767824217677, 0.006103535648435354, 0.012207071296870708, 0.024414142593741417, 0.048828285187482834, 0.09765657037496567, 0.19531314074993134, 0.0015258745988830924, 0.003051749197766185, 0.00610349839553237, 0.01220699679106474, 0.02441399358212948, 0.04882798716425896, 0.09765597432851791, 0.19531194865703583, 0.005086262710392475, 0.01017252542078495, 0.0203450508415699, 0.0406901016831398, 0.0813802033662796, 0.1627604067325592, 0.3255208134651184, 0.6510416269302368, 0.0, 0.0, 0.0, 0.0, 0.0, 0.0, 0.0, 0.0, 0.0, 0.0, 0.0, 0.0, 0.0, 0.0, 0.0, 0.0], [0.0369601771235466, 0.0739203542470932, 0.1478407084941864, 0.2956814169883728, 0.5913628339767456, 1.1827256679534912, 2.3654513359069824, 4.730902671813965, 0.036960192024707794, -3.3823862075805664, 0.14784076809883118, 0.29568153619766235, 0.5913630723953247, 1.1827261447906494, 2.365452289581299, 4.730904579162598, 0.003051754552870989, 0.006103509105741978, 0.012207018211483955, 0.02441403642296791, 0.04882807284593582, 0.09765614569187164, 0.1953122913837433, 0.3906245827674866, 0.0369601808488369, 0.0739203616976738, 0.1478407233953476, 0.2956814467906952, 0.5913628935813904, 1.1827257871627808, 2.3654515743255615, 4.730903148651123, 0.0030517750419676304, 0.006103550083935261, 0.012207100167870522, 0.024414200335741043, 0.048828400671482086, 0.09765680134296417, 0.19531360268592834, 0.3906272053718567, 0.003051749197766185, 0.00610349839553237, 0.01220699679106474, 0.02441399358212948, 0.04882798716425896, 0.09765597432851791, 0.19531194865703583, 0.39062389731407166, 0.0369601771235466, 0.0739203542470932, 0.1478407084941864, 0.2956814169883728, 0.5913628339767456, 1.1827256679534912, 2.3654513359069824, 4.730902671813965, 0.0030517459381371737, 0.006103491876274347, 0.012206983752548695, 0.02441396750509739, 0.04882793501019478, 0.09765587002038956, 0.1953117400407791, 0.3906234800815582, 0.0030517596751451492, 0.0061035193502902985, 0.012207038700580597, 0.024414077401161194, 0.04882815480232239, 0.09765630960464478, 0.19531261920928955, 0.3906252384185791, 0.003051767824217677, 0.006103535648435354, 0.012207071296870708, 0.024414142593741417, 0.048828285187482834, 0.09765657037496567, 0.19531314074993134, 0.39062628149986267, 0.003051749197766185, 0.00610349839553237, 0.01220699679106474, 0.02441399358212948, 0.04882798716425896, 0.09765597432851791, 0.19531194865703583, 0.39062389731407166, 0.01017252542078495, 0.0203450508415699, 0.0406901016831398, 0.0813802033662796, 0.1627604067325592, 0.3255208134651184, 0.6510416269302368, 1.3020832538604736, 0.0, 0.0, 0.0, 0.0, 0.0, 0.0, 0.0, 0.0, 0.0, 0.0, 0.0, 0.0, 0.0, 0.0, 0.0, 0.0], [0.0739203542470932, 0.1478407084941864, 0.2956814169883728, 0.5913628339767456, 1.1827256679534912, 2.3654513359069824, 4.730902671813965, 9.46180534362793, 0.07392038404941559, 0.14784076809883118, -6.616931915283203, 0.5913630723953247, 1.1827261447906494, 2.365452289581299, 4.730904579162598, 9.461809158325195, 0.006103509105741978, 0.012207018211483955, 0.02441403642296791, 0.04882807284593582, 0.09765614569187164, 0.1953122913837433, 0.3906245827674866, 0.7812491655349731, 0.0739203616976738, 0.1478407233953476, 0.2956814467906952, 0.5913628935813904, 1.1827257871627808, 2.3654515743255615, 4.730903148651123, 9.461806297302246, 0.006103550083935261, 0.012207100167870522, 0.024414200335741043, 0.048828400671482086, 0.09765680134296417, 0.19531360268592834, 0.3906272053718567, 0.7812544107437134, 0.00610349839553237, 0.01220699679106474, 0.02441399358212948, 0.04882798716425896, 0.09765597432851791, 0.19531194865703583, 0.39062389731407166, 0.7812477946281433, 0.0739203542470932, 0.1478407084941864, 0.2956814169883728, 0.5913628339767456, 1.1827256679534912, 2.3654513359069824, 4.730902671813965, 9.46180534362793, 0.006103491876274347, 0.012206983752548695, 0.02441396750509739, 0.04882793501019478, 0.09765587002038956, 0.1953117400407791, 0.3906234800815582, 0.7812469601631165, 0.0061035193502902985, 0.012207038700580597, 0.024414077401161194, 0.04882815480232239, 0.09765630960464478, 0.19531261920928955, 0.3906252384185791, 0.7812504768371582, 0.006103535648435354, 0.012207071296870708, 0.024414142593741417, 0.048828285187482834, 0.09765657037496567, 0.19531314074993134, 0.39062628149986267, 0.7812525629997253, 0.00610349839553237, 0.01220699679106474, 0.02441399358212948, 0.04882798716425896, 0.09765597432851791, 0.19531194865703583, 0.39062389731407166, 0.7812477946281433, 0.0203450508415699, 0.0406901016831398, 0.0813802033662796, 0.1627604067325592, 0.3255208134651184, 0.6510416269302368, 1.3020832538604736, 2.6041665077209473, 0.0, 0.0, 0.0, 0.0, 0.0, 0.0, 0.0, 0.0, 0.0, 0.0, 0.0, 0.0, 0.0, 0.0, 0.0, 0.0], [0.1478407084941864, 0.2956814169883728, 0.5913628339767456, 1.1827256679534912, 2.3654513359069824, 4.730902671813965, 9.46180534362793, 18.92361068725586, 0.14784076809883118, 0.29568153619766235, 0.5913630723953247, -12.642499923706055, 2.365452289581299, 4.730904579162598, 9.461809158325195, 18.92361831665039, 0.012207018211483955, 0.02441403642296791, 0.04882807284593582, 0.09765614569187164, 0.1953122913837433, 0.3906245827674866, 0.7812491655349731, 1.5624983310699463, 0.1478407233953476, 0.2956814467906952, 0.5913628935813904, 1.1827257871627808, 2.3654515743255615, 4.730903148651123, 9.461806297302246, 18.923612594604492, 0.012207100167870522, 0.024414200335741043, 0.048828400671482086, 0.09765680134296417, 0.19531360268592834, 0.3906272053718567, 0.7812544107437134, 1.5625088214874268, 0.01220699679106474, 0.02441399358212948, 0.04882798716425896, 0.09765597432851791, 0.19531194865703583, 0.39062389731407166, 0.7812477946281433, 1.5624955892562866, 0.1478407084941864, 0.2956814169883728, 0.5913628339767456, 1.1827256679534912, 2.3654513359069824, 4.730902671813965, 9.46180534362793, 18.92361068725586, 0.012206983752548695, 0.02441396750509739, 0.04882793501019478, 0.09765587002038956, 0.1953117400407791, 0.3906234800815582, 0.7812469601631165, 1.562493920326233, 0.012207038700580597, 0.024414077401161194, 0.04882815480232239, 0.09765630960464478, 0.19531261920928955, 0.3906252384185791, 0.7812504768371582, 1.5625009536743164, 0.012207071296870708, 0.024414142593741417, 0.048828285187482834, 0.09765657037496567, 0.19531314074993134, 0.39062628149986267, 0.7812525629997253, 1.5625051259994507, 0.01220699679106474, 0.02441399358212948, 0.04882798716425896, 0.09765597432851791, 0.19531194865703583, 0.39062389731407166, 0.7812477946281433, 1.5624955892562866, 0.0406901016831398, 0.0813802033662796, 0.1627604067325592, 0.3255208134651184, 0.6510416269302368, 1.3020832538604736, 2.6041665077209473, 5.2083330154418945, 0.0, 0.0, 0.0, 0.0, 0.0, 0.0, 0.0, 0.0, 0.0, 0.0, 0.0, 0.0, 0.0, 0.0, 0.0, 0.0], [0.2956814169883728, 0.5913628339767456, 1.1827256679534912, 2.3654513359069824, 4.730902671813965, 9.46180534362793, 18.92361068725586, 37.84722137451172, 0.29568153619766235, 0.5913630723953247, 1.1827261447906494, 2.365452289581299, -22.91954803466797, 9.461809158325195, 18.92361831665039, 37.84723663330078, 0.02441403642296791, 0.04882807284593582, 0.09765614569187164, 0.1953122913837433, 0.3906245827674866, 0.7812491655349731, 1.5624983310699463, 3.1249966621398926, 0.2956814467906952, 0.5913628935813904, 1.1827257871627808, 2.3654515743255615, 4.730903148651123, 9.461806297302246, 18.923612594604492, 37.847225189208984, 0.024414200335741043, 0.048828400671482086, 0.09765680134296417, 0.19531360268592834, 0.3906272053718567, 0.7812544107437134, 1.5625088214874268, 3.1250176429748535, 0.02441399358212948, 0.04882798716425896, 0.09765597432851791, 0.19531194865703583, 0.39062389731407166, 0.7812477946281433, 1.5624955892562866, 3.1249911785125732, 0.2956814169883728, 0.5913628339767456, 1.1827256679534912, 2.3654513359069824, 4.730902671813965, 9.46180534362793, 18.92361068725586, 37.84722137451172, 0.02441396750509739, 0.04882793501019478, 0.09765587002038956, 0.1953117400407791, 0.3906234800815582, 0.7812469601631165, 1.562493920326233, 3.124987840652466, 0.024414077401161194, 0.04882815480232239, 0.09765630960464478, 0.19531261920928955, 0.3906252384185791, 0.7812504768371582, 1.5625009536743164, 3.125001907348633, 0.024414142593741417, 0.048828285187482834, 0.09765657037496567, 0.19531314074993134, 0.39062628149986267, 0.7812525629997253, 1.5625051259994507, 3.1250102519989014, 0.02441399358212948, 0.04882798716425896, 0.09765597432851791, 0.19531194865703583, 0.39062389731407166, 0.7812477946281433, 1.5624955892562866, 3.1249911785125732, 0.0813802033662796, 0.1627604067325592, 0.3255208134651184, 0.6510416269302368, 1.3020832538604736, 2.6041665077209473, 5.2083330154418945, 10.416666030883789, 0.0, 0.0, 0.0, 0.0, 0.0, 0.0, 0.0, 0.0, 0.0, 0.0, 0.0, 0.0, 0.0, 0.0, 0.0, 0.0], [0.5913628339767456, 1.1827256679534912, 2.3654513359069824, 4.730902671813965, 9.46180534362793, 18.92361068725586, 37.84722137451172, 75.69444274902344, 0.5913630723953247, 1.1827261447906494, 2.365452289581299, 4.730904579162598, 9.461809158325195, -36.377288818359375, 37.84723663330078, 75.69447326660156, 0.04882807284593582, 0.09765614569187164, 0.1953122913837433, 0.3906245827674866, 0.7812491655349731, 1.5624983310699463, 3.1249966621398926, 6.249993324279785, 0.5913628935813904, 1.1827257871627808, 2.3654515743255615, 4.730903148651123, 9.461806297302246, 18.923612594604492, 37.847225189208984, 75.69445037841797, 0.048828400671482086, 0.09765680134296417, 0.19531360268592834, 0.3906272053718567, 0.7812544107437134, 1.5625088214874268, 3.1250176429748535, 6.250035285949707, 0.04882798716425896, 0.09765597432851791, 0.19531194865703583, 0.39062389731407166, 0.7812477946281433, 1.5624955892562866, 3.1249911785125732, 6.2499823570251465, 0.5913628339767456, 1.1827256679534912, 2.3654513359069824, 4.730902671813965, 9.46180534362793, 18.92361068725586, 37.84722137451172, 75.69444274902344, 0.04882793501019478, 0.09765587002038956, 0.1953117400407791, 0.3906234800815582, 0.7812469601631165, 1.562493920326233, 3.124987840652466, 6.249975681304932, 0.04882815480232239, 0.09765630960464478, 0.19531261920928955, 0.3906252384185791, 0.7812504768371582, 1.5625009536743164, 3.125001907348633, 6.250003814697266, 0.048828285187482834, 0.09765657037496567, 0.19531314074993134, 0.39062628149986267, 0.7812525629997253, 1.5625051259994507, 3.1250102519989014, 6.250020503997803, 0.04882798716425896, 0.09765597432851791, 0.19531194865703583, 0.39062389731407166, 0.7812477946281433, 1.5624955892562866, 3.1249911785125732, 6.2499823570251465, 0.1627604067325592, 0.3255208134651184, 0.6510416269302368, 1.3020832538604736, 2.6041665077209473, 5.2083330154418945, 10.416666030883789, 20.833332061767578, 0.0, 0.0, 0.0, 0.0, 0.0, 0.0, 0.0, 0.0, 0.0, 0.0, 0.0, 0.0, 0.0, 0.0, 0.0, 0.0], [1.1827256679534912, 2.3654513359069824, 4.730902671813965, 9.46180534362793, 18.92361068725586, 37.84722137451172, 75.69444274902344, 151.38888549804688, 1.1827261447906494, 2.365452289581299, 4.730904579162598, 9.461809158325195, 18.92361831665039, 37.84723663330078, -34.9073371887207, 151.38894653320312, 0.09765614569187164, 0.1953122913837433, 0.3906245827674866, 0.7812491655349731, 1.5624983310699463, 3.1249966621398926, 6.249993324279785, 12.49998664855957, 1.1827257871627808, 2.3654515743255615, 4.730903148651123, 9.461806297302246, 18.923612594604492, 37.847225189208984, 75.69445037841797, 151.38890075683594, 0.09765680134296417, 0.19531360268592834, 0.3906272053718567, 0.7812544107437134, 1.5625088214874268, 3.1250176429748535, 6.250035285949707, 12.500070571899414, 0.09765597432851791, 0.19531194865703583, 0.39062389731407166, 0.7812477946281433, 1.5624955892562866, 3.1249911785125732, 6.2499823570251465, 12.499964714050293, 1.1827256679534912, 2.3654513359069824, 4.730902671813965, 9.46180534362793, 18.92361068725586, 37.84722137451172, 75.69444274902344, 151.38888549804688, 0.09765587002038956, 0.1953117400407791, 0.3906234800815582, 0.7812469601631165, 1.562493920326233, 3.124987840652466, 6.249975681304932, 12.499951362609863, 0.09765630960464478, 0.19531261920928955, 0.3906252384185791, 0.7812504768371582, 1.5625009536743164, 3.125001907348633, 6.250003814697266, 12.500007629394531, 0.09765657037496567, 0.19531314074993134, 0.39062628149986267, 0.7812525629997253, 1.5625051259994507, 3.1250102519989014, 6.250020503997803, 12.500041007995605, 0.09765597432851791, 0.19531194865703583, 0.39062389731407166, 0.7812477946281433, 1.5624955892562866, 3.1249911785125732, 6.2499823570251465, 12.499964714050293, 0.3255208134651184, 0.6510416269302368, 1.3020832538604736, 2.6041665077209473, 5.2083330154418945, 10.416666030883789, 20.833332061767578, 41.666664123535156, 0.0, 0.0, 0.0, 0.0, 0.0, 0.0, 0.0, 0.0, 0.0, 0.0, 0.0, 0.0, 0.0, 0.0, 0.0, 0.0], [2.3654513359069824, 4.730902671813965, 9.46180534362793, 18.92361068725586, 37.84722137451172, 75.69444274902344, 151.38888549804688, 302.77777099609375, 2.365452289581299, 4.730904579162598, 9.461809158325195, 18.92361831665039, 37.84723663330078, 75.69447326660156, 151.38894653320312, 81.57427978515625, 0.1953122913837433, 0.3906245827674866, 0.7812491655349731, 1.5624983310699463, 3.1249966621398926, 6.249993324279785, 12.49998664855957, 24.99997329711914, 2.3654515743255615, 4.730903148651123, 9.461806297302246, 18.923612594604492, 37.847225189208984, 75.69445037841797, 151.38890075683594, 302.7778015136719, 0.19531360268592834, 0.3906272053718567, 0.7812544107437134, 1.5625088214874268, 3.1250176429748535, 6.250035285949707, 12.500070571899414, 25.000141143798828, 0.19531194865703583, 0.39062389731407166, 0.7812477946281433, 1.5624955892562866, 3.1249911785125732, 6.2499823570251465, 12.499964714050293, 24.999929428100586, 2.3654513359069824, 4.730902671813965, 9.46180534362793, 18.92361068725586, 37.84722137451172, 75.69444274902344, 151.38888549804688, 302.77777099609375, 0.1953117400407791, 0.3906234800815582, 0.7812469601631165, 1.562493920326233, 3.124987840652466, 6.249975681304932, 12.499951362609863, 24.999902725219727, 0.19531261920928955, 0.3906252384185791, 0.7812504768371582, 1.5625009536743164, 3.125001907348633, 6.250003814697266, 12.500007629394531, 25.000015258789062, 0.19531314074993134, 0.39062628149986267, 0.7812525629997253, 1.5625051259994507, 3.1250102519989014, 6.250020503997803, 12.500041007995605, 25.00008201599121, 0.19531194865703583, 0.39062389731407166, 0.7812477946281433, 1.5624955892562866, 3.1249911785125732, 6.2499823570251465, 12.499964714050293, 24.999929428100586, 0.6510416269302368, 1.3020832538604736, 2.6041665077209473, 5.2083330154418945, 10.416666030883789, 20.833332061767578, 41.666664123535156, 83.33332824707031, 0.0, 0.0, 0.0, 0.0, 0.0, 0.0, 0.0, 0.0, 0.0, 0.0, 0.0, 0.0, 0.0, 0.0, 0.0, 0.0], [0.0015258790226653218, 0.0030517580453306437, 0.006103516090661287, 0.012207032181322575, 0.02441406436264515, 0.0488281287252903, 0.0976562574505806, 0.1953125149011612, 0.0015258772764354944, 0.003051754552870989, 0.006103509105741978, 0.012207018211483955, 0.02441403642296791, 0.04882807284593582, 0.09765614569187164, 0.1953122913837433, -0.7797006964683533, 0.0030517596751451492, 0.0061035193502902985, 0.012207038700580597, 0.024414077401161194, 0.04882815480232239, 0.09765630960464478, 0.19531261920928955, 0.0015258784405887127, 0.0030517568811774254, 0.006103513762354851, 0.012207027524709702, 0.024414055049419403, 0.048828110098838806, 0.09765622019767761, 0.19531244039535522, 0.0015258772764354944, 0.003051754552870989, 0.006103509105741978, 0.012207018211483955, 0.02441403642296791, 0.04882807284593582, 0.09765614569187164, 0.1953122913837433, 0.001525881583802402, 0.003051763167604804, 0.006103526335209608, 0.012207052670419216, 0.024414105340838432, 0.048828210681676865, 0.09765642136335373, 0.19531284272670746, 0.0015258792554959655, 0.003051758510991931, 0.006103517021983862, 0.012207034043967724, 0.024414068087935448, 0.048828136175870895, 0.09765627235174179, 0.19531254470348358, 0.001525882980786264, 0.003051765961572528, 0.006103531923145056, 0.012207063846290112, 0.024414127692580223, 0.048828255385160446, 0.09765651077032089, 0.19531302154064178, 0.0015258786734193563, 0.0030517573468387127, 0.006103514693677425, 0.01220702938735485, 0.0244140587747097, 0.0488281175494194, 0.0976562350988388, 0.1953124701976776, 0.0015258778585121036, 0.003051755717024207, 0.006103511434048414, 0.012207022868096828, 0.024414045736193657, 0.048828091472387314, 0.09765618294477463, 0.19531236588954926, 0.001525881583802402, 0.003051763167604804, 0.006103526335209608, 0.012207052670419216, 0.024414105340838432, 0.048828210681676865, 0.09765642136335373, 0.19531284272670746, 0.0, 0.0, 0.0, 0.0, 0.0, 0.0, 0.0, 0.0, 0.0, 0.0, 0.0, 0.0, 0.0, 0.0, 0.0, 0.0, 0.0, 0.0, 0.0, 0.0, 0.0, 0.0, 0.0, 0.0], [0.0030517580453306437, 0.006103516090661287, 0.012207032181322575, 0.02441406436264515, 0.0488281287252903, 0.0976562574505806, 0.1953125149011612, 0.3906250298023224, 0.003051754552870989, 0.006103509105741978, 0.012207018211483955, 0.02441403642296791, 0.04882807284593582, 0.09765614569187164, 0.1953122913837433, 0.3906245827674866, 0.0030517596751451492, -1.5563496351242065, 0.012207038700580597, 0.024414077401161194, 0.04882815480232239, 0.09765630960464478, 0.19531261920928955, 0.3906252384185791, 0.0030517568811774254, 0.006103513762354851, 0.012207027524709702, 0.024414055049419403, 0.048828110098838806, 0.09765622019767761, 0.19531244039535522, 0.39062488079071045, 0.003051754552870989, 0.006103509105741978, 0.012207018211483955, 0.02441403642296791, 0.04882807284593582, 0.09765614569187164, 0.1953122913837433, 0.3906245827674866, 0.003051763167604804, 0.006103526335209608, 0.012207052670419216, 0.024414105340838432, 0.048828210681676865, 0.09765642136335373, 0.19531284272670746, 0.3906256854534149, 0.003051758510991931, 0.006103517021983862, 0.012207034043967724, 0.024414068087935448, 0.048828136175870895, 0.0