{"size": [112, 112], "args": [["A12.csv", "A13.csv", "A14.csv", "A15.csv", "A16.csv", "A17.csv", "A18.csv", "A19.csv", "A20.csv", "A21.csv", "A22.csv"], 0.3, 0.5, 0.5, 0.1, 5, [64, 32, 16], [[100.0, 100.0, 100.0, 100.0], [10.0, 10.0, 10.0, 10.0], [50.0, 50.0, 50.0, 50.0], [200.0, 200.0, 200.0, 200.0]]], "c": [10.0, 10.0, 10.0, 10.0], "tag": "r11-12-13-14-15-16-17-18-19-20-21-0.3-0.5-0.5-0.1-5-10.0-10.0-10.0-10.0-112x112", "data:": {"q": {"x1": [0.0], "x2": [0.0], "x3": [0.0], "x4": [0.0], "x5": [0.0], "x6": [0.0], "x7": [0.125], "x8": [0.0625], "x9": [0.8125], "x10": [0.0], "x11": [0.0]}, "program": "minimize(list(x1,x2,x3,x4,x5,x6,x7,x8,x9,x10,x11),((0.00050280851*x1*x1)+(-0.0002561814297296821*x1*x2)+(-5.4364886279232834e-05*x1*x3)+(0.0007684011677161366*x1*x4)+(5.7908703960857924e-05*x1*x5)+(0.0004879655464301194*x1*x6)+(-0.0003398585524414276*x1*x7)+(-0.00011778945711780764*x1*x8)+(0.00017740348921378168*x1*x9)+(-0.0003768463766009849*x1*x10)+(1.597379989214873e-05*x1*x11)+(-0.0002561814297296821*x2*x1)+(0.00022159610950000003*x2*x2)+(4.057154567954619e-05*x2*x3)+(-0.0003644121540021816*x2*x4)+(-3.706273472852384e-05*x2*x5)+(-0.0002544532550390819*x2*x6)+(0.0003754210363381077*x2*x7)+(9.015411708490135e-05*x2*x8)+(-9.53266472912144e-05*x2*x9)+(0.00032745816504225334*x2*x10)+(-1.0850971118601391e-05*x2*x11)+(-5.4364886279232834e-05*x3*x1)+(4.057154567954619e-05*x3*x2)+(1.033340535e-05*x3*x3)+(-8.910526281652802e-05*x3*x4)+(-2.117900431002098e-06*x3*x5)+(-5.119053624902173e-05*x3*x6)+(4.5449053833120095e-05*x3*x7)+(2.148367892452789e-05*x3*x8)+(-1.7749262771536574e-05*x3*x9)+(5.9441664834982845e-05*x3*x10)+(2.2574244677437905e-07*x3*x11)+(0.0007684011677161366*x4*x1)+(-0.0003644121540021816*x4*x2)+(-8.910526281652802e-05*x4*x3)+(0.001219171765*x4*x4)+(6.676791325350761e-05*x4*x5)+(0.0007350331712681532*x4*x6)+(-0.0003848807133463005*x4*x7)+(-0.00018781811431993082*x4*x8)+(0.0002616793943985025*x4*x9)+(-0.0005339313261773154*x4*x10)+(1.4871851805861273e-05*x4*x11)+(5.7908703960857924e-05*x5*x1)+(-3.706273472852384e-05*x5*x2)+(-2.117900431002098e-06*x5*x3)+(6.676791325350761e-05*x5*x4)+(1.76012048e-05*x5*x5)+(6.14171909918768e-05*x5*x6)+(-9.524741852351626e-05*x5*x7)+(-7.19394316281685e-06*x5*x8)+(2.505344452659784e-05*x5*x9)+(-5.553267275478757e-05*x5*x10)+(6.6840662935736485e-06*x5*x11)+(0.0004879655464301194*x6*x1)+(-0.0002544532550390819*x6*x2)+(-5.119053624902173e-05*x6*x3)+(0.0007350331712681532*x6*x4)+(6.14171909918768e-05*x6*x5)+(0.00047610912900000003*x6*x6)+(-0.0003608462952886518*x6*x7)+(-0.0001121669140800627*x6*x8)+(0.00017441781841294734*x6*x9)+(-0.0003748080881461802*x6*x10)+(1.7798025344579918e-05*x6*x11)+(-0.0003398585524414276*x7*x1)+(0.0003754210363381077*x7*x2)+(4.5449053833120095e-05*x7*x3)+(-0.0003848807133463005*x7*x4)+(-9.524741852351626e-05*x7*x5)+(-0.0003608462952886518*x7*x6)+(0.0008289611000000001*x7*x7)+(0.00011269724544051121*x7*x8)+(-0.00014695207463525566*x7*x9)+(0.000558946494219233*x7*x10)+(-3.444673920323464e-05*x7*x11)+(-0.00011778945711780764*x8*x1)+(9.015411708490135e-05*x8*x2)+(2.148367892452789e-05*x8*x3)+(-0.00018781811431993082*x8*x4)+(-7.19394316281685e-06*x8*x5)+(-0.0001121669140800627*x8*x6)+(0.00011269724544051121*x8*x7)+(4.5209583e-05*x8*x8)+(-3.95669194666916e-05*x8*x9)+(0.00013234423513356353*x8*x10)+(-6.620415554446053e-07*x8*x11)+(0.00017740348921378168*x9*x1)+(-9.53266472912144e-05*x9*x2)+(-1.7749262771536574e-05*x9*x3)+(0.0002616793943985025*x9*x4)+(2.505344452659784e-05*x9*x5)+(0.00017441781841294734*x9*x6)+(-0.00014695207463525566*x9*x7)+(-3.95669194666916e-05*x9*x8)+(6.45818595e-05*x9*x9)+(-0.00014067101560330232*x9*x10)+(7.671130490847863e-06*x9*x11)+(-0.0003768463766009849*x10*x1)+(0.00032745816504225334*x10*x2)+(5.9441664834982845e-05*x10*x3)+(-0.0005339313261773154*x10*x4)+(-5.553267275478757e-05*x10*x5)+(-0.0003748080881461802*x10*x6)+(0.000558946494219233*x10*x7)+(0.00013234423513356353*x10*x8)+(-0.00014067101560330232*x10*x9)+(0.0004839842775*x10*x10)+(-1.64049384429255e-05*x10*x11)+(1.597379989214873e-05*x11*x1)+(-1.0850971118601391e-05*x11*x2)+(2.2574244677437905e-07*x11*x3)+(1.4871851805861273e-05*x11*x4)+(6.6840662935736485e-06*x11*x5)+(1.7798025344579918e-05*x11*x6)+(-3.444673920323464e-05*x11*x7)+(-6.620415554446053e-07*x11*x8)+(7.671130490847863e-06*x11*x9)+(-1.64049384429255e-05*x11*x10)+(2.65894021e-06*x11*x11)-((-0.01*x1)+(-0.0185*x2)+(-0.0115*x3)+(-0.007*x4)+(-0.0225*x5)+(-0.0115*x6)+(-0.006*x7)+(-0.0115*x8)+(-0.006*x9)+(-0.017*x10)+(-0.02*x11))))\n & label('total', x1+x2+x3+x4+x5+x6+x7+x8+x9+x10+x11==1.0) & \nlabel('eqlimit', (0.0*x1)+(0.0*x2)+(0.0*x3)+(0.0*x4)+(3.3333333333333335*x5)+(0.0*x6)+(0.0*x7)+(3.3333333333333335*x8)+(0.0*x9)+(3.3333333333333335*x10)+(3.3333333333333335*x11)<1.0) & \nlabel('filimit', (2.0*x1)+(2.0*x2)+(0.0*x3)+(0.0*x4)+(0.0*x5)+(2.0*x6)+(0.0*x7)+(0.0*x8)+(0.0*x9)+(0.0*x10)+(0.0*x11)<1.0) & \nlabel('xxxlimit', (0.0*x1)+(0.0*x2)+(2.0*x3)+(2.0*x4)+(0.0*x5)+(0.0*x6)+(2.0*x7)+(0.0*x8)+(0.0*x9)+(0.0*x10)+(0.0*x11)<1.0)", "matrix": [[-0.17089582979679108, 0.0036960176657885313, 0.007392035331577063, 0.014784070663154125, 0.02956814132630825, 0.0591362826526165, 0.118272565305233, 0.236545130610466, 0.001848008600063622, 0.003696017200127244, 0.007392034400254488, 0.014784068800508976, 0.029568137601017952, 0.059136275202035904, 0.11827255040407181, 0.23654510080814362, 0.00015258800704032183, 0.00030517601408064365, 0.0006103520281612873, 0.0012207040563225746, 0.0024414081126451492, 0.0048828162252902985, 0.009765632450580597, 0.019531264901161194, 0.0018480088328942657, 0.0036960176657885313, 0.007392035331577063, 0.014784070663154125, 0.02956814132630825, 0.0591362826526165, 0.118272565305233, 0.236545130610466, 0.00015258736675605178, 0.00030517473351210356, 0.0006103494670242071, 0.0012206989340484142, 0.0024413978680968285, 0.004882795736193657, 0.009765591472387314, 0.019531182944774628, 0.00015258816711138934, 0.0003051763342227787, 0.0006103526684455574, 0.0012207053368911147, 0.0024414106737822294, 0.004882821347564459, 0.009765642695128918, 0.019531285390257835, 0.0018480089493095875, 0.003696017898619175, 0.00739203579723835, 0.0147840715944767, 0.0295681431889534, 0.0591362863779068, 0.1182725727558136, 0.2365451455116272, 0.00015258812345564365, 0.0003051762469112873, 0.0006103524938225746, 0.0012207049876451492, 0.0024414099752902985, 0.004882819950580597, 0.009765639901161194, 0.019531279802322388, 0.000152587890625, 0.00030517578125, 0.0006103515625, 0.001220703125, 0.00244140625, 0.0048828125, 0.009765625, 0.01953125, 0.0001525877305539325, 0.000305175461107865, 0.00061035092221573, 0.00122070184443146, 0.00244140368886292, 0.00488280737772584, 0.00976561475545168, 0.01953122951090336, 0.00015258813800755888, 0.00030517627601511776, 0.0006103525520302355, 0.001220705104060471, 0.002441410208120942, 0.004882820416241884, 0.009765640832483768, 0.019531281664967537, 0.0005086262826807797, 0.0010172525653615594, 0.0020345051307231188, 0.0040690102614462376, 0.008138020522892475, 0.01627604104578495, 0.0325520820915699, 0.0651041641831398, 0.0, 0.0, 0.0, 0.0, 0.0, 0.0, 0.0, 0.0, 0.0, 0.0, 0.0, 0.0, 0.0, 0.0, 0.0, 0.0], [0.0036960176657885313, -0.33809566497802734, 0.014784070663154125, 0.02956814132630825, 0.0591362826526165, 0.118272565305233, 0.236545130610466, 0.473090261220932, 0.003696017200127244, 0.007392034400254488, 0.014784068800508976, 0.029568137601017952, 0.059136275202035904, 0.11827255040407181, 0.23654510080814362, 0.47309020161628723, 0.00030517601408064365, 0.0006103520281612873, 0.0012207040563225746, 0.0024414081126451492, 0.0048828162252902985, 0.009765632450580597, 0.019531264901161194, 0.03906252980232239, 0.0036960176657885313, 0.007392035331577063, 0.014784070663154125, 0.02956814132630825, 0.0591362826526165, 0.118272565305233, 0.236545130610466, 0.473090261220932, 0.00030517473351210356, 0.0006103494670242071, 0.0012206989340484142, 0.0024413978680968285, 0.004882795736193657, 0.009765591472387314, 0.019531182944774628, 0.039062365889549255, 0.0003051763342227787, 0.0006103526684455574, 0.0012207053368911147, 0.0024414106737822294, 0.004882821347564459, 0.009765642695128918, 0.019531285390257835, 0.03906257078051567, 0.003696017898619175, 0.00739203579723835, 0.0147840715944767, 0.0295681431889534, 0.0591362863779068, 0.1182725727558136, 0.2365451455116272, 0.4730902910232544, 0.0003051762469112873, 0.0006103524938225746, 0.0012207049876451492, 0.0024414099752902985, 0.004882819950580597, 0.009765639901161194, 0.019531279802322388, 0.039062559604644775, 0.00030517578125, 0.0006103515625, 0.001220703125, 0.00244140625, 0.0048828125, 0.009765625, 0.01953125, 0.0390625, 0.000305175461107865, 0.00061035092221573, 0.00122070184443146, 0.00244140368886292, 0.00488280737772584, 0.00976561475545168, 0.01953122951090336, 0.03906245902180672, 0.00030517627601511776, 0.0006103525520302355, 0.001220705104060471, 0.002441410208120942, 0.004882820416241884, 0.009765640832483768, 0.019531281664967537, 0.039062563329935074, 0.0010172525653615594, 0.0020345051307231188, 0.0040690102614462376, 0.008138020522892475, 0.01627604104578495, 0.0325520820915699, 0.0651041641831398, 0.1302083283662796, 0.0, 0.0, 0.0, 0.0, 0.0, 0.0, 0.0, 0.0, 0.0, 0.0, 0.0, 0.0, 0.0, 0.0, 0.0, 0.0], [0.007392035331577063, 0.014784070663154125, -0.6614072322845459, 0.0591362826526165, 0.118272565305233, 0.236545130610466, 0.473090261220932, 0.946180522441864, 0.007392034400254488, 0.014784068800508976, 0.029568137601017952, 0.059136275202035904, 0.11827255040407181, 0.23654510080814362, 0.47309020161628723, 0.9461804032325745, 0.0006103520281612873, 0.0012207040563225746, 0.0024414081126451492, 0.0048828162252902985, 0.009765632450580597, 0.019531264901161194, 0.03906252980232239, 0.07812505960464478, 0.007392035331577063, 0.014784070663154125, 0.02956814132630825, 0.0591362826526165, 0.118272565305233, 0.236545130610466, 0.473090261220932, 0.946180522441864, 0.0006103494670242071, 0.0012206989340484142, 0.0024413978680968285, 0.004882795736193657, 0.009765591472387314, 0.019531182944774628, 0.039062365889549255, 0.07812473177909851, 0.0006103526684455574, 0.0012207053368911147, 0.0024414106737822294, 0.004882821347564459, 0.009765642695128918, 0.019531285390257835, 0.03906257078051567, 0.07812514156103134, 0.00739203579723835, 0.0147840715944767, 0.0295681431889534, 0.0591362863779068, 0.1182725727558136, 0.2365451455116272, 0.4730902910232544, 0.9461805820465088, 0.0006103524938225746, 0.0012207049876451492, 0.0024414099752902985, 0.004882819950580597, 0.009765639901161194, 0.019531279802322388, 0.039062559604644775, 0.07812511920928955, 0.0006103515625, 0.001220703125, 0.00244140625, 0.0048828125, 0.009765625, 0.01953125, 0.0390625, 0.078125, 0.00061035092221573, 0.00122070184443146, 0.00244140368886292, 0.00488280737772584, 0.00976561475545168, 0.01953122951090336, 0.03906245902180672, 0.07812491804361343, 0.0006103525520302355, 0.001220705104060471, 0.002441410208120942, 0.004882820416241884, 0.009765640832483768, 0.019531281664967537, 0.039062563329935074, 0.07812512665987015, 0.0020345051307231188, 0.0040690102614462376, 0.008138020522892475, 0.01627604104578495, 0.0325520820915699, 0.0651041641831398, 0.1302083283662796, 0.2604166567325592, 0.0, 0.0, 0.0, 0.0, 0.0, 0.0, 0.0, 0.0, 0.0, 0.0, 0.0, 0.0, 0.0, 0.0, 0.0, 0.0], [0.014784070663154125, 0.02956814132630825, 0.0591362826526165, -1.2636781930923462, 0.236545130610466, 0.473090261220932, 0.946180522441864, 1.892361044883728, 0.014784068800508976, 0.029568137601017952, 0.059136275202035904, 0.11827255040407181, 0.23654510080814362, 0.47309020161628723, 0.9461804032325745, 1.892360806465149, 0.0012207040563225746, 0.0024414081126451492, 0.0048828162252902985, 0.009765632450580597, 0.019531264901161194, 0.03906252980232239, 0.07812505960464478, 0.15625011920928955, 0.014784070663154125, 0.02956814132630825, 0.0591362826526165, 0.118272565305233, 0.236545130610466, 0.473090261220932, 0.946180522441864, 1.892361044883728, 0.0012206989340484142, 0.0024413978680968285, 0.004882795736193657, 0.009765591472387314, 0.019531182944774628, 0.039062365889549255, 0.07812473177909851, 0.15624946355819702, 0.0012207053368911147, 0.0024414106737822294, 0.004882821347564459, 0.009765642695128918, 0.019531285390257835, 0.03906257078051567, 0.07812514156103134, 0.15625028312206268, 0.0147840715944767, 0.0295681431889534, 0.0591362863779068, 0.1182725727558136, 0.2365451455116272, 0.4730902910232544, 0.9461805820465088, 1.8923611640930176, 0.0012207049876451492, 0.0024414099752902985, 0.004882819950580597, 0.009765639901161194, 0.019531279802322388, 0.039062559604644775, 0.07812511920928955, 0.1562502384185791, 0.001220703125, 0.00244140625, 0.0048828125, 0.009765625, 0.01953125, 0.0390625, 0.078125, 0.15625, 0.00122070184443146, 0.00244140368886292, 0.00488280737772584, 0.00976561475545168, 0.01953122951090336, 0.03906245902180672, 0.07812491804361343, 0.15624983608722687, 0.001220705104060471, 0.002441410208120942, 0.004882820416241884, 0.009765640832483768, 0.019531281664967537, 0.039062563329935074, 0.07812512665987015, 0.1562502533197403, 0.0040690102614462376, 0.008138020522892475, 0.01627604104578495, 0.0325520820915699, 0.0651041641831398, 0.1302083283662796, 0.2604166567325592, 0.5208333134651184, 0.0, 0.0, 0.0, 0.0, 0.0, 0.0, 0.0, 0.0, 0.0, 0.0, 0.0, 0.0, 0.0, 0.0, 0.0, 0.0], [0.02956814132630825, 0.0591362826526165, 0.118272565305233, 0.236545130610466, -2.290811061859131, 0.946180522441864, 1.892361044883728, 3.784722089767456, 0.029568137601017952, 0.059136275202035904, 0.11827255040407181, 0.23654510080814362, 0.47309020161628723, 0.9461804032325745, 1.892360806465149, 3.784721612930298, 0.0024414081126451492, 0.0048828162252902985, 0.009765632450580597, 0.019531264901161194, 0.03906252980232239, 0.07812505960464478, 0.15625011920928955, 0.3125002384185791, 0.02956814132630825, 0.0591362826526165, 0.118272565305233, 0.236545130610466, 0.473090261220932, 0.946180522441864, 1.892361044883728, 3.784722089767456, 0.0024413978680968285, 0.004882795736193657, 0.009765591472387314, 0.019531182944774628, 0.039062365889549255, 0.07812473177909851, 0.15624946355819702, 0.31249892711639404, 0.0024414106737822294, 0.004882821347564459, 0.009765642695128918, 0.019531285390257835, 0.03906257078051567, 0.07812514156103134, 0.15625028312206268, 0.31250056624412537, 0.0295681431889534, 0.0591362863779068, 0.1182725727558136, 0.2365451455116272, 0.4730902910232544, 0.9461805820465088, 1.8923611640930176, 3.784722328186035, 0.0024414099752902985, 0.004882819950580597, 0.009765639901161194, 0.019531279802322388, 0.039062559604644775, 0.07812511920928955, 0.1562502384185791, 0.3125004768371582, 0.00244140625, 0.0048828125, 0.009765625, 0.01953125, 0.0390625, 0.078125, 0.15625, 0.3125, 0.00244140368886292, 0.00488280737772584, 0.00976561475545168, 0.01953122951090336, 0.03906245902180672, 0.07812491804361343, 0.15624983608722687, 0.31249967217445374, 0.002441410208120942, 0.004882820416241884, 0.009765640832483768, 0.019531281664967537, 0.039062563329935074, 0.07812512665987015, 0.1562502533197403, 0.3125005066394806, 0.008138020522892475, 0.01627604104578495, 0.0325520820915699, 0.0651041641831398, 0.1302083283662796, 0.2604166567325592, 0.5208333134651184, 1.0416666269302368, 0.0, 0.0, 0.0, 0.0, 0.0, 0.0, 0.0, 0.0, 0.0, 0.0, 0.0, 0.0, 0.0, 0.0, 0.0, 0.0], [0.0591362826526165, 0.118272565305233, 0.236545130610466, 0.473090261220932, 0.946180522441864, -3.635441780090332, 3.784722089767456, 7.569444179534912, 0.059136275202035904, 0.11827255040407181, 0.23654510080814362, 0.47309020161628723, 0.9461804032325745, 1.892360806465149, 3.784721612930298, 7.569443225860596, 0.0048828162252902985, 0.009765632450580597, 0.019531264901161194, 0.03906252980232239, 0.07812505960464478, 0.15625011920928955, 0.3125002384185791, 0.6250004768371582, 0.0591362826526165, 0.118272565305233, 0.236545130610466, 0.473090261220932, 0.946180522441864, 1.892361044883728, 3.784722089767456, 7.569444179534912, 0.004882795736193657, 0.009765591472387314, 0.019531182944774628, 0.039062365889549255, 0.07812473177909851, 0.15624946355819702, 0.31249892711639404, 0.6249978542327881, 0.004882821347564459, 0.009765642695128918, 0.019531285390257835, 0.03906257078051567, 0.07812514156103134, 0.15625028312206268, 0.31250056624412537, 0.6250011324882507, 0.0591362863779068, 0.1182725727558136, 0.2365451455116272, 0.4730902910232544, 0.9461805820465088, 1.8923611640930176, 3.784722328186035, 7.56944465637207, 0.004882819950580597, 0.009765639901161194, 0.019531279802322388, 0.039062559604644775, 0.07812511920928955, 0.1562502384185791, 0.3125004768371582, 0.6250009536743164, 0.0048828125, 0.009765625, 0.01953125, 0.0390625, 0.078125, 0.15625, 0.3125, 0.625, 0.00488280737772584, 0.00976561475545168, 0.01953122951090336, 0.03906245902180672, 0.07812491804361343, 0.15624983608722687, 0.31249967217445374, 0.6249993443489075, 0.004882820416241884, 0.009765640832483768, 0.019531281664967537, 0.039062563329935074, 0.07812512665987015, 0.1562502533197403, 0.3125005066394806, 0.6250010132789612, 0.01627604104578495, 0.0325520820915699, 0.0651041641831398, 0.1302083283662796, 0.2604166567325592, 0.5208333134651184, 1.0416666269302368, 2.0833332538604736, 0.0, 0.0, 0.0, 0.0, 0.0, 0.0, 0.0, 0.0, 0.0, 0.0, 0.0, 0.0, 0.0, 0.0, 0.0, 0.0], [0.118272565305233, 0.236545130610466, 0.473090261220932, 0.946180522441864, 1.892361044883728, 3.784722089767456, -3.486161470413208, 15.138888359069824, 0.11827255040407181, 0.23654510080814362, 0.47309020161628723, 0.9461804032325745, 1.892360806465149, 3.784721612930298, 7.569443225860596, 15.138886451721191, 0.009765632450580597, 0.019531264901161194, 0.03906252980232239, 0.07812505960464478, 0.15625011920928955, 0.3125002384185791, 0.6250004768371582, 1.2500009536743164, 0.118272565305233, 0.236545130610466, 0.473090261220932, 0.946180522441864, 1.892361044883728, 3.784722089767456, 7.569444179534912, 15.138888359069824, 0.009765591472387314, 0.019531182944774628, 0.039062365889549255, 0.07812473177909851, 0.15624946355819702, 0.31249892711639404, 0.6249978542327881, 1.2499957084655762, 0.009765642695128918, 0.019531285390257835, 0.03906257078051567, 0.07812514156103134, 0.15625028312206268, 0.31250056624412537, 0.6250011324882507, 1.2500022649765015, 0.1182725727558136, 0.2365451455116272, 0.4730902910232544, 0.9461805820465088, 1.8923611640930176, 3.784722328186035, 7.56944465637207, 15.13888931274414, 0.009765639901161194, 0.019531279802322388, 0.039062559604644775, 0.07812511920928955, 0.1562502384185791, 0.3125004768371582, 0.6250009536743164, 1.2500019073486328, 0.009765625, 0.01953125, 0.0390625, 0.078125, 0.15625, 0.3125, 0.625, 1.25, 0.00976561475545168, 0.01953122951090336, 0.03906245902180672, 0.07812491804361343, 0.15624983608722687, 0.31249967217445374, 0.6249993443489075, 1.249998688697815, 0.009765640832483768, 0.019531281664967537, 0.039062563329935074, 0.07812512665987015, 0.1562502533197403, 0.3125005066394806, 0.6250010132789612, 1.2500020265579224, 0.0325520820915699, 0.0651041641831398, 0.1302083283662796, 0.2604166567325592, 0.5208333134651184, 1.0416666269302368, 2.0833332538604736, 4.166666507720947, 0.0, 0.0, 0.0, 0.0, 0.0, 0.0, 0.0, 0.0, 0.0, 0.0, 0.0, 0.0, 0.0, 0.0, 0.0, 0.0], [0.236545130610466, 0.473090261220932, 0.946180522441864, 1.892361044883728, 3.784722089767456, 7.569444179534912, 15.138888359069824, 8.166566848754883, 0.23654510080814362, 0.47309020161628723, 0.9461804032325745, 1.892360806465149, 3.784721612930298, 7.569443225860596, 15.138886451721191, 30.277772903442383, 0.019531264901161194, 0.03906252980232239, 0.07812505960464478, 0.15625011920928955, 0.3125002384185791, 0.6250004768371582, 1.2500009536743164, 2.500001907348633, 0.236545130610466, 0.473090261220932, 0.946180522441864, 1.892361044883728, 3.784722089767456, 7.569444179534912, 15.138888359069824, 30.27777671813965, 0.019531182944774628, 0.039062365889549255, 0.07812473177909851, 0.15624946355819702, 0.31249892711639404, 0.6249978542327881, 1.2499957084655762, 2.4999914169311523, 0.019531285390257835, 0.03906257078051567, 0.07812514156103134, 0.15625028312206268, 0.31250056624412537, 0.6250011324882507, 1.2500022649765015, 2.500004529953003, 0.2365451455116272, 0.4730902910232544, 0.9461805820465088, 1.8923611640930176, 3.784722328186035, 7.56944465637207, 15.13888931274414, 30.27777862548828, 0.019531279802322388, 0.039062559604644775, 0.07812511920928955, 0.1562502384185791, 0.3125004768371582, 0.6250009536743164, 1.2500019073486328, 2.5000038146972656, 0.01953125, 0.0390625, 0.078125, 0.15625, 0.3125, 0.625, 1.25, 2.5, 0.01953122951090336, 0.03906245902180672, 0.07812491804361343, 0.15624983608722687, 0.31249967217445374, 0.6249993443489075, 1.249998688697815, 2.49999737739563, 0.019531281664967537, 0.039062563329935074, 0.07812512665987015, 0.1562502533197403, 0.3125005066394806, 0.6250010132789612, 1.2500020265579224, 2.5000040531158447, 0.0651041641831398, 0.1302083283662796, 0.2604166567325592, 0.5208333134651184, 1.0416666269302368, 2.0833332538604736, 4.166666507720947, 8.333333015441895, 0.0, 0.0, 0.0, 0.0, 0.0, 0.0, 0.0, 0.0, 0.0, 0.0, 0.0, 0.0, 0.0, 0.0, 0.0, 0.0], [0.001848008600063622, 0.003696017200127244, 0.007392034400254488, 0.014784068800508976, 0.029568137601017952, 0.059136275202035904, 0.11827255040407181, 0.23654510080814362, -0.17090754210948944, 0.0036960323341190815, 0.007392064668238163, 0.014784129336476326, 0.029568258672952652, 0.059136517345905304, 0.11827303469181061, 0.23654606938362122, 0.0001525857369415462, 0.0003051714738830924, 0.0006103429477661848, 0.0012206858955323696, 0.0024413717910647392, 0.0048827435821294785, 0.009765487164258957, 0.019530974328517914, 0.0018480108119547367, 0.0036960216239094734, 0.007392043247818947, 0.014784086495637894, 0.029568172991275787, 0.059136345982551575, 0.11827269196510315, 0.2365453839302063, 0.00015259641804732382, 0.00030519283609464765, 0.0006103856721892953, 0.0012207713443785906, 0.002441542688757181, 0.004883085377514362, 0.009766170755028725, 0.01953234151005745, 0.00015258217172231525, 0.0003051643434446305, 0.000610328686889261, 0.001220657373778522, 0.002441314747557044, 0.004882629495114088, 0.009765258990228176, 0.019530517980456352, 0.0018480080179870129, 0.0036960160359740257, 0.0073920320719480515, 0.014784064143896103, 0.029568128287792206, 0.05913625657558441, 0.11827251315116882, 0.23654502630233765, 0.00015257974155247211, 0.00030515948310494423, 0.0006103189662098885, 0.001220637932419777, 0.002441275864839554, 0.004882551729679108, 0.009765103459358215, 0.01953020691871643, 0.00015258879284374416, 0.0003051775856874883, 0.0006103551713749766, 0.0012207103427499533, 0.0024414206854999065, 0.004882841370999813, 0.009765682741999626, 0.019531365483999252, 0.00015259288193192333, 0.00030518576386384666, 0.0006103715277276933, 0.0012207430554553866, 0.0024414861109107733, 0.0048829722218215466, 0.009765944443643093, 0.019531888887286186, 0.0001525821426184848, 0.0003051642852369696, 0.0006103285704739392, 0.0012206571409478784, 0.0024413142818957567, 0.0048826285637915134, 0.009765257127583027, 0.019530514255166054, 0.0005086262826807797, 0.0010172525653615594, 0.0020345051307231188, 0.0040690102614462376, 0.008138020522892475, 0.01627604104578495, 0.0325520820915699, 0.0651041641831398, 0.0, 0.0, 0.0, 0.0, 0.0, 0.0, 0.0, 0.0, 0.0, 0.0, 0.0, 0.0, 0.0, 0.0, 0.0, 0.0], [0.003696017200127244, 0.007392034400254488, 0.014784068800508976, 0.029568137601017952, 0.059136275202035904, 0.11827255040407181, 0.23654510080814362, 0.47309020161628723, 0.0036960323341190815, -0.3381190598011017, 0.014784129336476326, 0.029568258672952652, 0.059136517345905304, 0.11827303469181061, 0.23654606938362122, 0.47309213876724243, 0.0003051714738830924, 0.0006103429477661848, 0.0012206858955323696, 0.0024413717910647392, 0.0048827435821294785, 0.009765487164258957, 0.019530974328517914, 0.03906194865703583, 0.0036960216239094734, 0.007392043247818947, 0.014784086495637894, 0.029568172991275787, 0.059136345982551575, 0.11827269196510315, 0.2365453839302063, 0.4730907678604126, 0.00030519283609464765, 0.0006103856721892953, 0.0012207713443785906, 0.002441542688757181, 0.004883085377514362, 0.009766170755028725, 0.01953234151005745, 0.0390646830201149, 0.0003051643434446305, 0.000610328686889261, 0.001220657373778522, 0.002441314747557044, 0.004882629495114088, 0.009765258990228176, 0.019530517980456352, 0.039061035960912704, 0.0036960160359740257, 0.0073920320719480515, 0.014784064143896103, 0.029568128287792206, 0.05913625657558441, 0.11827251315116882, 0.23654502630233765, 0.4730900526046753, 0.00030515948310494423, 0.0006103189662098885, 0.001220637932419777, 0.002441275864839554, 0.004882551729679108, 0.009765103459358215, 0.01953020691871643, 0.03906041383743286, 0.0003051775856874883, 0.0006103551713749766, 0.0012207103427499533, 0.0024414206854999065, 0.004882841370999813, 0.009765682741999626, 0.019531365483999252, 0.039062730967998505, 0.00030518576386384666, 0.0006103715277276933, 0.0012207430554553866, 0.0024414861109107733, 0.0048829722218215466, 0.009765944443643093, 0.019531888887286186, 0.03906377777457237, 0.0003051642852369696, 0.0006103285704739392, 0.0012206571409478784, 0.0024413142818957567, 0.0048826285637915134, 0.009765257127583027, 0.019530514255166054, 0.03906102851033211, 0.0010172525653615594, 0.0020345051307231188, 0.0040690102614462376, 0.008138020522892475, 0.01627604104578495, 0.0325520820915699, 0.0651041641831398, 0.1302083283662796, 0.0, 0.0, 0.0, 0.0, 0.0, 0.0, 0.0, 0.0, 0.0, 0.0, 0.0, 0.0, 0.0, 0.0, 0.0, 0.0], [0.007392034400254488, 0.014784068800508976, 0.029568137601017952, 0.059136275202035904, 0.11827255040407181, 0.23654510080814362, 0.47309020161628723, 0.9461804032325745, 0.007392064668238163, 0.014784129336476326, -0.6614539623260498, 0.059136517345905304, 0.11827303469181061, 0.23654606938362122, 0.47309213876724243, 0.9461842775344849, 0.0006103429477661848, 0.0012206858955323696, 0.0024413717910647392, 0.0048827435821294785, 0.009765487164258957, 0.019530974328517914, 0.03906194865703583, 0.07812389731407166, 0.007392043247818947, 0.014784086495637894, 0.029568172991275787, 0.059136345982551575, 0.11827269196510315, 0.2365453839302063, 0.4730907678604126, 0.9461815357208252, 0.0006103856721892953, 0.0012207713443785906, 0.002441542688757181, 0.004883085377514362, 0.009766170755028725, 0.01953234151005745, 0.0390646830201149, 0.0781293660402298, 0.000610328686889261, 0.001220657373778522, 0.002441314747557044, 0.004882629495114088, 0.009765258990228176, 0.019530517980456352, 0.039061035960912704, 0.07812207192182541, 0.0073920320719480515, 0.014784064143896103, 0.029568128287792206, 0.05913625657558441, 0.11827251315116882, 0.23654502630233765, 0.4730900526046753, 0.9461801052093506, 0.0006103189662098885, 0.001220637932419777, 0.002441275864839554, 0.004882551729679108, 0.009765103459358215, 0.01953020691871643, 0.03906041383743286, 0.07812082767486572, 0.0006103551713749766, 0.0012207103427499533, 0.0024414206854999065, 0.004882841370999813, 0.009765682741999626, 0.019531365483999252, 0.039062730967998505, 0.07812546193599701, 0.0006103715277276933, 0.0012207430554553866, 0.0024414861109107733, 0.0048829722218215466, 0.009765944443643093, 0.019531888887286186, 0.03906377777457237, 0.07812755554914474, 0.0006103285704739392, 0.0012206571409478784, 0.0024413142818957567, 0.0048826285637915134, 0.009765257127583027, 0.019530514255166054, 0.03906102851033211, 0.07812205702066422, 0.0020345051307231188, 0.0040690102614462376, 0.008138020522892475, 0.01627604104578495, 0.0325520820915699, 0.0651041641831398, 0.1302083283662796, 0.2604166567325592, 0.0, 0.0, 0.0, 0.0, 0.0, 0.0, 0.0, 0.0, 0.0, 0.0, 0.0, 0.0, 0.0, 0.0, 0.0, 0.0], [0.014784068800508976, 0.029568137601017952, 0.059136275202035904, 0.11827255040407181, 0.23654510080814362, 0.47309020161628723, 0.9461804032325745, 1.892360806465149, 0.014784129336476326, 0.029568258672952652, 0.059136517345905304, -1.2637715339660645, 0.23654606938362122, 0.47309213876724243, 0.9461842775344849, 1.8923685550689697, 0.0012206858955323696, 0.0024413717910647392, 0.0048827435821294785, 0.009765487164258957, 0.019530974328517914, 0.03906194865703583, 0.07812389731407166, 0.1562477946281433, 0.014784086495637894, 0.029568172991275787, 0.059136345982551575, 0.11827269196510315, 0.2365453839302063, 0.4730907678604126, 0.9461815357208252, 1.8923630714416504, 0.0012207713443785906, 0.002441542688757181, 0.004883085377514362, 0.009766170755028725, 0.01953234151005745, 0.0390646830201149, 0.0781293660402298, 0.1562587320804596, 0.001220657373778522, 0.002441314747557044, 0.004882629495114088, 0.009765258990228176, 0.019530517980456352, 0.039061035960912704, 0.07812207192182541, 0.15624414384365082, 0.014784064143896103, 0.029568128287792206, 0.05913625657558441, 0.11827251315116882, 0.23654502630233765, 0.4730900526046753, 0.9461801052093506, 1.8923602104187012, 0.001220637932419777, 0.002441275864839554, 0.004882551729679108, 0.009765103459358215, 0.01953020691871643, 0.03906041383743286, 0.07812082767486572, 0.15624165534973145, 0.0012207103427499533, 0.0024414206854999065, 0.004882841370999813, 0.009765682741999626, 0.019531365483999252, 0.039062730967998505, 0.07812546193599701, 0.15625092387199402, 0.0012207430554553866, 0.0024414861109107733, 0.0048829722218215466, 0.009765944443643093, 0.019531888887286186, 0.03906377777457237, 0.07812755554914474, 0.1562551110982895, 0.0012206571409478784, 0.0024413142818957567, 0.0048826285637915134, 0.009765257127583027, 0.019530514255166054, 0.03906102851033211, 0.07812205702066422, 0.15624411404132843, 0.0040690102614462376, 0.008138020522892475, 0.01627604104578495, 0.0325520820915699, 0.0651041641831398, 0.1302083283662796, 0.2604166567325592, 0.5208333134651184, 0.0, 0.0, 0.0, 0.0, 0.0, 0.0, 0.0, 0.0, 0.0, 0.0, 0.0, 0.0, 0.0, 0.0, 0.0, 0.0], [0.029568137601017952, 0.059136275202035904, 0.11827255040407181, 0.23654510080814362, 0.47309020161628723, 0.9461804032325745, 1.892360806465149, 3.784721612930298, 0.029568258672952652, 0.059136517345905304, 0.11827303469181061, 0.23654606938362122, -2.290996789932251, 0.9461842775344849, 1.8923685550689697, 3.7847371101379395, 0.0024413717910647392, 0.0048827435821294785, 0.009765487164258957, 0.019530974328517914, 0.03906194865703583, 0.07812389731407166, 0.1562477946281433, 0.3124955892562866, 0.029568172991275787, 0.059136345982551575, 0.11827269196510315, 0.2365453839302063, 0.4730907678604126, 0.9461815357208252, 1.8923630714416504, 3.784726142883301, 0.002441542688757181, 0.004883085377514362, 0.009766170755028725, 0.01953234151005745, 0.0390646830201149, 0.0781293660402298, 0.1562587320804596, 0.3125174641609192, 0.002441314747557044, 0.004882629495114088, 0.009765258990228176, 0.019530517980456352, 0.039061035960912704, 0.07812207192182541, 0.15624414384365082, 0.31248828768730164, 0.029568128287792206, 0.05913625657558441, 0.11827251315116882, 0.23654502630233765, 0.4730900526046753, 0.9461801052093506, 1.8923602104187012, 3.7847204208374023, 0.002441275864839554, 0.004882551729679108, 0.009765103459358215, 0.01953020691871643, 0.03906041383743286, 0.07812082767486572, 0.15624165534973145, 0.3124833106994629, 0.0024414206854999065, 0.004882841370999813, 0.009765682741999626, 0.019531365483999252, 0.039062730967998505, 0.07812546193599701, 0.15625092387199402, 0.31250184774398804, 0.0024414861109107733, 0.0048829722218215466, 0.009765944443643093, 0.019531888887286186, 0.03906377777457237, 0.07812755554914474, 0.1562551110982895, 0.312510222196579, 0.0024413142818957567, 0.0048826285637915134, 0.009765257127583027, 0.019530514255166054, 0.03906102851033211, 0.07812205702066422, 0.15624411404132843, 0.31248822808265686, 0.008138020522892475, 0.01627604104578495, 0.0325520820915699, 0.0651041641831398, 0.1302083283662796, 0.2604166567325592, 0.5208333134651184, 1.0416666269302368, 0.0, 0.0, 0.0, 0.0, 0.0, 0.0, 0.0, 0.0, 0.0, 0.0, 0.0, 0.0, 0.0, 0.0, 0.0, 0.0], [0.059136275202035904, 0.11827255040407181, 0.23654510080814362, 0.47309020161628723, 0.9461804032325745, 1.892360806465149, 3.784721612930298, 7.569443225860596, 0.059136517345905304, 0.11827303469181061, 0.23654606938362122, 0.47309213876724243, 0.9461842775344849, -3.6358094215393066, 3.7847371101379395, 7.569474220275879, 0.0048827435821294785, 0.009765487164258957, 0.019530974328517914, 0.03906194865703583, 0.07812389731407166, 0.1562477946281433, 0.3124955892562866, 0.6249911785125732, 0.059136345982551575, 0.11827269196510315, 0.2365453839302063, 0.4730907678604126, 0.9461815357208252, 1.8923630714416504, 3.784726142883301, 7.569452285766602, 0.004883085377514362, 0.009766170755028725, 0.01953234151005745, 0.0390646830201149, 0.0781293660402298, 0.1562587320804596, 0.3125174641609192, 0.6250349283218384, 0.004882629495114088, 0.009765258990228176, 0.019530517980456352, 0.039061035960912704, 0.07812207192182541, 0.15624414384365082, 0.31248828768730164, 0.6249765753746033, 0.05913625657558441, 0.11827251315116882, 0.23654502630233765, 0.4730900526046753, 0.9461801052093506, 1.8923602104187012, 3.7847204208374023, 7.569440841674805, 0.004882551729679108, 0.009765103459358215, 0.01953020691871643, 0.03906041383743286, 0.07812082767486572, 0.15624165534973145, 0.3124833106994629, 0.6249666213989258, 0.004882841370999813, 0.009765682741999626, 0.019531365483999252, 0.039062730967998505, 0.07812546193599701, 0.15625092387199402, 0.31250184774398804, 0.6250036954879761, 0.0048829722218215466, 0.009765944443643093, 0.019531888887286186, 0.03906377777457237, 0.07812755554914474, 0.1562551110982895, 0.312510222196579, 0.625020444393158, 0.0048826285637915134, 0.009765257127583027, 0.019530514255166054, 0.03906102851033211, 0.07812205702066422, 0.15624411404132843, 0.31248822808265686, 0.6249764561653137, 0.01627604104578495, 0.0325520820915699, 0.0651041641831398, 0.1302083283662796, 0.2604166567325592, 0.5208333134651184, 1.0416666269302368, 2.0833332538604736, 0.0, 0.0, 0.0, 0.0, 0.0, 0.0, 0.0, 0.0, 0.0, 0.0, 0.0, 0.0, 0.0, 0.0, 0.0, 0.0], [0.11827255040407181, 0.23654510080814362, 0.47309020161628723, 0.9461804032325745, 1.892360806465149, 3.784721612930298, 7.569443225860596, 15.138886451721191, 0.11827303469181061, 0.23654606938362122, 0.47309213876724243, 0.9461842775344849, 1.8923685550689697, 3.7847371101379395, -3.4868814945220947, 15.138948440551758, 0.009765487164258957, 0.019530974328517914, 0.03906194865703583, 0.07812389731407166, 0.1562477946281433, 0.3124955892562866, 0.6249911785125732, 1.2499823570251465, 0.11827269196510315, 0.2365453839302063, 0.4730907678604126, 0.9461815357208252, 1.8923630714416504, 3.784726142883301, 7.569452285766602, 15.138904571533203, 0.009766170755028725, 0.01953234151005745, 0.0390646830201149, 0.0781293660402298, 0.1562587320804596, 0.3125174641609192, 0.6250349283218384, 1.2500698566436768, 0.009765258990228176, 0.019530517980456352, 0.039061035960912704, 0.07812207192182541, 0.15624414384365082, 0.31248828768730164, 0.6249765753746033, 1.2499531507492065, 0.11827251315116882, 0.23654502630233765, 0.4730900526046753, 0.9461801052093506, 1.8923602104187012, 3.7847204208374023, 7.569440841674805, 15.13888168334961, 0.009765103459358215, 0.01953020691871643, 0.03906041383743286, 0.07812082767486572, 0.15624165534973145, 0.3124833106994629, 0.6249666213989258, 1.2499332427978516, 0.009765682741999626, 0.019531365483999252, 0.039062730967998505, 0.07812546193599701, 0.15625092387199402, 0.31250184774398804, 0.6250036954879761, 1.2500073909759521, 0.009765944443643093, 0.019531888887286186, 0.03906377777457237, 0.07812755554914474, 0.1562551110982895, 0.312510222196579, 0.625020444393158, 1.250040888786316, 0.009765257127583027, 0.019530514255166054, 0.03906102851033211, 0.07812205702066422, 0.15624411404132843, 0.31248822808265686, 0.6249764561653137, 1.2499529123306274, 0.0325520820915699, 0.0651041641831398, 0.1302083283662796, 0.2604166567325592, 0.5208333134651184, 1.0416666269302368, 2.0833332538604736, 4.166666507720947, 0.0, 0.0, 0.0, 0.0, 0.0, 0.0, 0.0, 0.0, 0.0, 0.0, 0.0, 0.0, 0.0, 0.0, 0.0, 0.0], [0.23654510080814362, 0.47309020161628723, 0.9461804032325745, 1.892360806465149, 3.784721612930298, 7.569443225860596, 15.138886451721191, 30.277772903442383, 0.23654606938362122, 0.47309213876724243, 0.9461842775344849, 1.8923685550689697, 3.7847371101379395, 7.569474220275879, 15.138948440551758, 8.165186882019043, 0.019530974328517914, 0.03906194865703583, 0.07812389731407166, 0.1562477946281433, 0.3124955892562866, 0.6249911785125732, 1.2499823570251465, 2.499964714050293, 0.2365453839302063, 0.4730907678604126, 0.9461815357208252, 1.8923630714416504, 3.784726142883301, 7.569452285766602, 15.138904571533203, 30.277809143066406, 0.01953234151005745, 0.0390646830201149, 0.0781293660402298, 0.1562587320804596, 0.3125174641609192, 0.6250349283218384, 1.2500698566436768, 2.5001397132873535, 0.019530517980456352, 0.039061035960912704, 0.07812207192182541, 0.15624414384365082, 0.31248828768730164, 0.6249765753746033, 1.2499531507492065, 2.499906301498413, 0.23654502630233765, 0.4730900526046753, 0.9461801052093506, 1.8923602104187012, 3.7847204208374023, 7.569440841674805, 15.13888168334961, 30.27776336669922, 0.01953020691871643, 0.03906041383743286, 0.07812082767486572, 0.15624165534973145, 0.3124833106994629, 0.6249666213989258, 1.2499332427978516, 2.499866485595703, 0.019531365483999252, 0.039062730967998505, 0.07812546193599701, 0.15625092387199402, 0.31250184774398804, 0.6250036954879761, 1.2500073909759521, 2.5000147819519043, 0.019531888887286186, 0.03906377777457237, 0.07812755554914474, 0.1562551110982895, 0.312510222196579, 0.625020444393158, 1.250040888786316, 2.500081777572632, 0.019530514255166054, 0.03906102851033211, 0.07812205702066422, 0.15624411404132843, 0.31248822808265686, 0.6249764561653137, 1.2499529123306274, 2.499905824661255, 0.0651041641831398, 0.1302083283662796, 0.2604166567325592, 0.5208333134651184, 1.0416666269302368, 2.0833332538604736, 4.166666507720947, 8.333333015441895, 0.0, 0.0, 0.0, 0.0, 0.0, 0.0, 0.0, 0.0, 0.0, 0.0, 0.0, 0.0, 0.0, 0.0, 0.0, 0.0], [0.00015258800704032183, 0.00030517601408064365, 0.0006103520281612873, 0.0012207040563225746, 0.0024414081126451492, 0.0048828162252902985, 0.009765632450580597, 0.019531264901161194, 0.0001525857369415462, 0.0003051714738830924, 0.0006103429477661848, 0.0012206858955323696, 0.0024413717910647392, 0.0048827435821294785, 0.009765487164258957, 0.019530974328517914, -0.07794897258281708, 0.00030517776031047106, 0.0006103555206209421, 0.0012207110412418842, 0.0024414220824837685, 0.004882844164967537, 0.009765688329935074, 0.019531376659870148, 0.00015258729399647564, 0.0003051745879929513, 0.0006103491759859025, 0.001220698351971805, 0.00244139670394361, 0.00488279340788722, 0.00976558681577444, 0.01953117363154888, 0.00015258564963005483, 0.00030517129926010966, 0.0006103425985202193, 0.0012206851970404387, 0.0024413703940808773, 0.004882740788161755, 0.00976548157632351, 0.01953096315264702, 0.0001525905536254868, 0.0003051811072509736, 0.0006103622145019472, 0.0012207244290038943, 0.0024414488580077887, 0.004882897716015577, 0.009765795432031155, 0.01953159086406231, 0.00015258826897479594, 0.0003051765379495919, 0.0006103530758991838, 0.0012207061517983675, 0.002441412303596735, 0.00488282460719347, 0.00976564921438694, 0.01953129842877388, 0.00015259187784977257, 0.00030518375569954515, 0.0006103675113990903, 0.0012207350227981806, 0.002441470045596361, 0.004882940091192722, 0.009765880182385445, 0.01953176036477089, 0.00015258761413861066, 0.0003051752282772213, 0.0006103504565544426, 0.0012207009131088853, 0.0024414018262177706, 0.004882803652435541, 0.009765607304871082, 0.019531214609742165, 0.00015258643543347716, 0.0003051728708669543, 0.0006103457417339087, 0.0012206914834678173, 0.0024413829669356346, 0.004882765933871269, 0.009765531867742538, 0.019531063735485077, 0.00015259059728