{"size": [112, 112], "args": [["A12.csv", "A13.csv", "A14.csv", "A15.csv", "A16.csv", "A17.csv", "A18.csv", "A19.csv", "A20.csv", "A21.csv", "A22.csv"], 0.3, 0.5, 0.5, 0.3, 5, [64, 32, 16], [[100.0, 100.0, 100.0, 100.0], [10.0, 10.0, 10.0, 10.0], [50.0, 50.0, 50.0, 50.0], [200.0, 200.0, 200.0, 200.0]]], "c": [10.0, 10.0, 10.0, 10.0], "tag": "r11-12-13-14-15-16-17-18-19-20-21-0.3-0.5-0.5-0.3-5-10.0-10.0-10.0-10.0-112x112", "data:": {"q": {"x1": [0.0], "x2": [0.0], "x3": [0.0], "x4": [0.0], "x5": [0.0], "x6": [0.0], "x7": [0.09375], "x8": [0.0625], "x9": [0.84375], "x10": [0.0], "x11": [0.0]}, "program": "minimize(list(x1,x2,x3,x4,x5,x6,x7,x8,x9,x10,x11),((0.00050280851*x1*x1)+(-0.00012507512118904626*x1*x2)+(-2.6265717837698503e-05*x1*x3)+(0.0007716341331484096*x1*x4)+(6.594557588257376e-05*x1*x5)+(0.0004882569212903582*x1*x6)+(-0.00012086615632428277*x1*x7)+(-5.8109452353422897e-05*x1*x8)+(0.000178025101641345*x1*x9)+(-0.00018347904580295462*x1*x10)+(2.0549435376446195e-05*x1*x11)+(-0.00012507512118904626*x2*x1)+(0.0002215961095*x2*x2)+(4.218949063863856e-05*x2*x3)+(-0.00016792661800654467*x2*x4)+(-1.4948160285571531e-05*x2*x5)+(-0.00012572726811724565*x2*x6)+(0.0003872377010143229*x2*x7)+(9.236237925470405e-05*x2*x8)+(-4.755873387364319e-05*x2*x9)+(0.00032746501312675997*x2*x10)+(-3.0454964558041717e-06*x2*x11)+(-2.6265717837698503e-05*x3*x1)+(4.218949063863856e-05*x3*x2)+(1.033340535e-05*x3*x3)+(-4.436149644958405e-05*x3*x4)+(1.3497004569937047e-06*x3*x5)+(-2.4227863747065198e-05*x3*x6)+(5.591651729936027e-05*x3*x7)+(2.1512659473583666e-05*x3*x8)+(-8.064286914609717e-06*x3*x9)+(6.194778450494852e-05*x3*x10)+(1.340410027323137e-06*x3*x11)+(0.0007716341331484096*x4*x1)+(-0.00016792661800654467*x4*x2)+(-4.436149644958405e-05*x4*x3)+(0.001219171765*x4*x4)+(8.448360776052281e-05*x4*x5)+(0.0007409987938044593*x4*x6)+(-7.594969003890147e-05*x4*x7)+(-9.390903195979245e-05*x4*x8)+(0.0002658839811955074*x4*x9)+(-0.0002445791185319458*x4*x10)+(2.4219433917583816e-05*x4*x11)+(6.594557588257376e-05*x5*x1)+(-1.4948160285571531e-05*x5*x2)+(1.3497004569937047e-06*x5*x3)+(8.448360776052281e-05*x5*x4)+(1.76012048e-05*x5*x5)+(6.811178297563042e-05*x5*x6)+(-4.723865257054877e-05*x5*x7)+(6.733596115494486e-07*x5*x8)+(2.6978291679793516e-05*x5*x9)+(-2.2681670264362708e-05*x5*x10)+(6.718961080720944e-06*x5*x11)+(0.0004882569212903582*x6*x1)+(-0.00012572726811724565*x6*x2)+(-2.4227863747065198e-05*x6*x3)+(0.0007409987938044593*x6*x4)+(6.811178297563042e-05*x6*x5)+(0.000476109129*x6*x6)+(-0.00014105102986595528*x6*x7)+(-5.46380512401881e-05*x6*x8)+(0.00017462521723884202*x6*x9)+(-0.00018484394543854063*x6*x10)+(2.1749604333739753e-05*x6*x11)+(-0.00012086615632428277*x7*x1)+(0.0003872377010143229*x7*x2)+(5.591651729936027e-05*x7*x3)+(-7.594969003890147e-05*x7*x4)+(-4.723865257054877e-05*x7*x5)+(-0.00014105102986595528*x7*x6)+(0.0008289610999999998*x7*x7)+(0.0001306733543215336*x7*x8)+(-6.287869090576698e-05*x7*x9)+(0.0005754932226576988*x7*x10)+(-1.6358916909703923e-05*x7*x11)+(-5.8109452353422897e-05*x8*x1)+(9.236237925470405e-05*x8*x2)+(2.1512659473583666e-05*x8*x3)+(-9.390903195979245e-05*x8*x4)+(6.733596115494486e-07*x8*x5)+(-5.46380512401881e-05*x8*x6)+(0.0001306733543215336*x8*x7)+(4.5209582999999995e-05*x8*x8)+(-1.8766621000074788e-05*x8*x9)+(0.00013580581740069058*x8*x10)+(1.9215260936661836e-06*x8*x11)+(0.000178025101641345*x9*x1)+(-4.755873387364319e-05*x9*x2)+(-8.064286914609717e-06*x9*x3)+(0.0002658839811955074*x9*x4)+(2.6978291679793516e-05*x9*x5)+(0.00017462521723884202*x9*x6)+(-6.287869090576698e-05*x9*x7)+(-1.8766621000074788e-05*x9*x8)+(6.45818595e-05*x9*x9)+(-7.012292880990688e-05*x9*x10)+(8.87847287254359e-06*x9*x11)+(-0.00018347904580295462*x10*x1)+(0.00032746501312675997*x10*x2)+(6.194778450494852e-05*x10*x3)+(-0.0002445791185319458*x10*x4)+(-2.2681670264362708e-05*x10*x5)+(-0.00018484394543854063*x10*x6)+(0.0005754932226576988*x10*x7)+(0.00013580581740069058*x10*x8)+(-7.012292880990688e-05*x10*x9)+(0.00048398427749999994*x10*x10)+(-4.787578128776502e-06*x10*x11)+(2.0549435376446195e-05*x11*x1)+(-3.0454964558041717e-06*x11*x2)+(1.340410027323137e-06*x11*x3)+(2.4219433917583816e-05*x11*x4)+(6.718961080720944e-06*x11*x5)+(2.1749604333739753e-05*x11*x6)+(-1.6358916909703923e-05*x11*x7)+(1.9215260936661836e-06*x11*x8)+(8.87847287254359e-06*x11*x9)+(-4.787578128776502e-06*x11*x10)+(2.65894021e-06*x11*x11)-((-0.01*x1)+(-0.0185*x2)+(-0.0115*x3)+(-0.007*x4)+(-0.0225*x5)+(-0.0115*x6)+(-0.006*x7)+(-0.0115*x8)+(-0.006*x9)+(-0.017*x10)+(-0.02*x11))))\n & label('total', x1+x2+x3+x4+x5+x6+x7+x8+x9+x10+x11==1.0) & \nlabel('eqlimit', (0.0*x1)+(0.0*x2)+(0.0*x3)+(0.0*x4)+(3.3333333333333335*x5)+(0.0*x6)+(0.0*x7)+(3.3333333333333335*x8)+(0.0*x9)+(3.3333333333333335*x10)+(3.3333333333333335*x11)<1.0) & \nlabel('filimit', (2.0*x1)+(2.0*x2)+(0.0*x3)+(0.0*x4)+(0.0*x5)+(2.0*x6)+(0.0*x7)+(0.0*x8)+(0.0*x9)+(0.0*x10)+(0.0*x11)<1.0) & \nlabel('xxxlimit', (0.0*x1)+(0.0*x2)+(2.0*x3)+(2.0*x4)+(0.0*x5)+(0.0*x6)+(2.0*x7)+(0.0*x8)+(0.0*x9)+(0.0*x10)+(0.0*x11)<1.0)", "matrix": [[-0.17089582979679108, 0.0036960176657885313, 0.007392035331577063, 0.014784070663154125, 0.02956814132630825, 0.0591362826526165, 0.118272565305233, 0.236545130610466, 0.0018480087164789438, 0.0036960174329578876, 0.007392034865915775, 0.01478406973183155, 0.0295681394636631, 0.0591362789273262, 0.1182725578546524, 0.2365451157093048, 0.00015258802159223706, 0.0003051760431844741, 0.0006103520863689482, 0.0012207041727378964, 0.002441408345475793, 0.004882816690951586, 0.009765633381903172, 0.019531266763806343, 0.0018480088328942657, 0.0036960176657885313, 0.007392035331577063, 0.014784070663154125, 0.02956814132630825, 0.0591362826526165, 0.118272565305233, 0.236545130610466, 0.00015258764324244112, 0.00030517528648488224, 0.0006103505729697645, 0.001220701145939529, 0.002441402291879058, 0.004882804583758116, 0.009765609167516232, 0.019531218335032463, 0.00015258822531905025, 0.0003051764506381005, 0.000610352901276201, 0.001220705802552402, 0.002441411605104804, 0.004882823210209608, 0.009765646420419216, 0.019531292840838432, 0.0018480089493095875, 0.003696017898619175, 0.00739203579723835, 0.0147840715944767, 0.0295681431889534, 0.0591362863779068, 0.1182725727558136, 0.2365451455116272, 0.0001525882544228807, 0.0003051765088457614, 0.0006103530176915228, 0.0012207060353830457, 0.0024414120707660913, 0.004882824141532183, 0.009765648283064365, 0.01953129656612873, 0.00015258790517691523, 0.00030517581035383046, 0.0006103516207076609, 0.0012207032414153218, 0.0024414064828306437, 0.004882812965661287, 0.009765625931322575, 0.01953125186264515, 0.00015258784696925431, 0.00030517569393850863, 0.0006103513878770173, 0.0012207027757540345, 0.002441405551508069, 0.004882811103016138, 0.009765622206032276, 0.019531244412064552, 0.00015258821076713502, 0.00030517642153427005, 0.0006103528430685401, 0.0012207056861370802, 0.0024414113722741604, 0.004882822744548321, 0.009765645489096642, 0.019531290978193283, 0.0005086262826807797, 0.0010172525653615594, 0.0020345051307231188, 0.0040690102614462376, 0.008138020522892475, 0.01627604104578495, 0.0325520820915699, 0.0651041641831398, 0.0, 0.0, 0.0, 0.0, 0.0, 0.0, 0.0, 0.0, 0.0, 0.0, 0.0, 0.0, 0.0, 0.0, 0.0, 0.0], [0.0036960176657885313, -0.33809566497802734, 0.014784070663154125, 0.02956814132630825, 0.0591362826526165, 0.118272565305233, 0.236545130610466, 0.473090261220932, 0.0036960174329578876, 0.007392034865915775, 0.01478406973183155, 0.0295681394636631, 0.0591362789273262, 0.1182725578546524, 0.2365451157093048, 0.4730902314186096, 0.0003051760431844741, 0.0006103520863689482, 0.0012207041727378964, 0.002441408345475793, 0.004882816690951586, 0.009765633381903172, 0.019531266763806343, 0.039062533527612686, 0.0036960176657885313, 0.007392035331577063, 0.014784070663154125, 0.02956814132630825, 0.0591362826526165, 0.118272565305233, 0.236545130610466, 0.473090261220932, 0.00030517528648488224, 0.0006103505729697645, 0.001220701145939529, 0.002441402291879058, 0.004882804583758116, 0.009765609167516232, 0.019531218335032463, 0.039062436670064926, 0.0003051764506381005, 0.000610352901276201, 0.001220705802552402, 0.002441411605104804, 0.004882823210209608, 0.009765646420419216, 0.019531292840838432, 0.039062585681676865, 0.003696017898619175, 0.00739203579723835, 0.0147840715944767, 0.0295681431889534, 0.0591362863779068, 0.1182725727558136, 0.2365451455116272, 0.4730902910232544, 0.0003051765088457614, 0.0006103530176915228, 0.0012207060353830457, 0.0024414120707660913, 0.004882824141532183, 0.009765648283064365, 0.01953129656612873, 0.03906259313225746, 0.00030517581035383046, 0.0006103516207076609, 0.0012207032414153218, 0.0024414064828306437, 0.004882812965661287, 0.009765625931322575, 0.01953125186264515, 0.0390625037252903, 0.00030517569393850863, 0.0006103513878770173, 0.0012207027757540345, 0.002441405551508069, 0.004882811103016138, 0.009765622206032276, 0.019531244412064552, 0.039062488824129105, 0.00030517642153427005, 0.0006103528430685401, 0.0012207056861370802, 0.0024414113722741604, 0.004882822744548321, 0.009765645489096642, 0.019531290978193283, 0.039062581956386566, 0.0010172525653615594, 0.0020345051307231188, 0.0040690102614462376, 0.008138020522892475, 0.01627604104578495, 0.0325520820915699, 0.0651041641831398, 0.1302083283662796, 0.0, 0.0, 0.0, 0.0, 0.0, 0.0, 0.0, 0.0, 0.0, 0.0, 0.0, 0.0, 0.0, 0.0, 0.0, 0.0], [0.007392035331577063, 0.014784070663154125, -0.6614072322845459, 0.0591362826526165, 0.118272565305233, 0.236545130610466, 0.473090261220932, 0.946180522441864, 0.007392034865915775, 0.01478406973183155, 0.0295681394636631, 0.0591362789273262, 0.1182725578546524, 0.2365451157093048, 0.4730902314186096, 0.9461804628372192, 0.0006103520863689482, 0.0012207041727378964, 0.002441408345475793, 0.004882816690951586, 0.009765633381903172, 0.019531266763806343, 0.039062533527612686, 0.07812506705522537, 0.007392035331577063, 0.014784070663154125, 0.02956814132630825, 0.0591362826526165, 0.118272565305233, 0.236545130610466, 0.473090261220932, 0.946180522441864, 0.0006103505729697645, 0.001220701145939529, 0.002441402291879058, 0.004882804583758116, 0.009765609167516232, 0.019531218335032463, 0.039062436670064926, 0.07812487334012985, 0.000610352901276201, 0.001220705802552402, 0.002441411605104804, 0.004882823210209608, 0.009765646420419216, 0.019531292840838432, 0.039062585681676865, 0.07812517136335373, 0.00739203579723835, 0.0147840715944767, 0.0295681431889534, 0.0591362863779068, 0.1182725727558136, 0.2365451455116272, 0.4730902910232544, 0.9461805820465088, 0.0006103530176915228, 0.0012207060353830457, 0.0024414120707660913, 0.004882824141532183, 0.009765648283064365, 0.01953129656612873, 0.03906259313225746, 0.07812518626451492, 0.0006103516207076609, 0.0012207032414153218, 0.0024414064828306437, 0.004882812965661287, 0.009765625931322575, 0.01953125186264515, 0.0390625037252903, 0.0781250074505806, 0.0006103513878770173, 0.0012207027757540345, 0.002441405551508069, 0.004882811103016138, 0.009765622206032276, 0.019531244412064552, 0.039062488824129105, 0.07812497764825821, 0.0006103528430685401, 0.0012207056861370802, 0.0024414113722741604, 0.004882822744548321, 0.009765645489096642, 0.019531290978193283, 0.039062581956386566, 0.07812516391277313, 0.0020345051307231188, 0.0040690102614462376, 0.008138020522892475, 0.01627604104578495, 0.0325520820915699, 0.0651041641831398, 0.1302083283662796, 0.2604166567325592, 0.0, 0.0, 0.0, 0.0, 0.0, 0.0, 0.0, 0.0, 0.0, 0.0, 0.0, 0.0, 0.0, 0.0, 0.0, 0.0], [0.014784070663154125, 0.02956814132630825, 0.0591362826526165, -1.2636781930923462, 0.236545130610466, 0.473090261220932, 0.946180522441864, 1.892361044883728, 0.01478406973183155, 0.0295681394636631, 0.0591362789273262, 0.1182725578546524, 0.2365451157093048, 0.4730902314186096, 0.9461804628372192, 1.8923609256744385, 0.0012207041727378964, 0.002441408345475793, 0.004882816690951586, 0.009765633381903172, 0.019531266763806343, 0.039062533527612686, 0.07812506705522537, 0.15625013411045074, 0.014784070663154125, 0.02956814132630825, 0.0591362826526165, 0.118272565305233, 0.236545130610466, 0.473090261220932, 0.946180522441864, 1.892361044883728, 0.001220701145939529, 0.002441402291879058, 0.004882804583758116, 0.009765609167516232, 0.019531218335032463, 0.039062436670064926, 0.07812487334012985, 0.1562497466802597, 0.001220705802552402, 0.002441411605104804, 0.004882823210209608, 0.009765646420419216, 0.019531292840838432, 0.039062585681676865, 0.07812517136335373, 0.15625034272670746, 0.0147840715944767, 0.0295681431889534, 0.0591362863779068, 0.1182725727558136, 0.2365451455116272, 0.4730902910232544, 0.9461805820465088, 1.8923611640930176, 0.0012207060353830457, 0.0024414120707660913, 0.004882824141532183, 0.009765648283064365, 0.01953129656612873, 0.03906259313225746, 0.07812518626451492, 0.15625037252902985, 0.0012207032414153218, 0.0024414064828306437, 0.004882812965661287, 0.009765625931322575, 0.01953125186264515, 0.0390625037252903, 0.0781250074505806, 0.1562500149011612, 0.0012207027757540345, 0.002441405551508069, 0.004882811103016138, 0.009765622206032276, 0.019531244412064552, 0.039062488824129105, 0.07812497764825821, 0.15624995529651642, 0.0012207056861370802, 0.0024414113722741604, 0.004882822744548321, 0.009765645489096642, 0.019531290978193283, 0.039062581956386566, 0.07812516391277313, 0.15625032782554626, 0.0040690102614462376, 0.008138020522892475, 0.01627604104578495, 0.0325520820915699, 0.0651041641831398, 0.1302083283662796, 0.2604166567325592, 0.5208333134651184, 0.0, 0.0, 0.0, 0.0, 0.0, 0.0, 0.0, 0.0, 0.0, 0.0, 0.0, 0.0, 0.0, 0.0, 0.0, 0.0], [0.02956814132630825, 0.0591362826526165, 0.118272565305233, 0.236545130610466, -2.290811061859131, 0.946180522441864, 1.892361044883728, 3.784722089767456, 0.0295681394636631, 0.0591362789273262, 0.1182725578546524, 0.2365451157093048, 0.4730902314186096, 0.9461804628372192, 1.8923609256744385, 3.784721851348877, 0.002441408345475793, 0.004882816690951586, 0.009765633381903172, 0.019531266763806343, 0.039062533527612686, 0.07812506705522537, 0.15625013411045074, 0.3125002682209015, 0.02956814132630825, 0.0591362826526165, 0.118272565305233, 0.236545130610466, 0.473090261220932, 0.946180522441864, 1.892361044883728, 3.784722089767456, 0.002441402291879058, 0.004882804583758116, 0.009765609167516232, 0.019531218335032463, 0.039062436670064926, 0.07812487334012985, 0.1562497466802597, 0.3124994933605194, 0.002441411605104804, 0.004882823210209608, 0.009765646420419216, 0.019531292840838432, 0.039062585681676865, 0.07812517136335373, 0.15625034272670746, 0.3125006854534149, 0.0295681431889534, 0.0591362863779068, 0.1182725727558136, 0.2365451455116272, 0.4730902910232544, 0.9461805820465088, 1.8923611640930176, 3.784722328186035, 0.0024414120707660913, 0.004882824141532183, 0.009765648283064365, 0.01953129656612873, 0.03906259313225746, 0.07812518626451492, 0.15625037252902985, 0.3125007450580597, 0.0024414064828306437, 0.004882812965661287, 0.009765625931322575, 0.01953125186264515, 0.0390625037252903, 0.0781250074505806, 0.1562500149011612, 0.3125000298023224, 0.002441405551508069, 0.004882811103016138, 0.009765622206032276, 0.019531244412064552, 0.039062488824129105, 0.07812497764825821, 0.15624995529651642, 0.31249991059303284, 0.0024414113722741604, 0.004882822744548321, 0.009765645489096642, 0.019531290978193283, 0.039062581956386566, 0.07812516391277313, 0.15625032782554626, 0.31250065565109253, 0.008138020522892475, 0.01627604104578495, 0.0325520820915699, 0.0651041641831398, 0.1302083283662796, 0.2604166567325592, 0.5208333134651184, 1.0416666269302368, 0.0, 0.0, 0.0, 0.0, 0.0, 0.0, 0.0, 0.0, 0.0, 0.0, 0.0, 0.0, 0.0, 0.0, 0.0, 0.0], [0.0591362826526165, 0.118272565305233, 0.236545130610466, 0.473090261220932, 0.946180522441864, -3.635441780090332, 3.784722089767456, 7.569444179534912, 0.0591362789273262, 0.1182725578546524, 0.2365451157093048, 0.4730902314186096, 0.9461804628372192, 1.8923609256744385, 3.784721851348877, 7.569443702697754, 0.004882816690951586, 0.009765633381903172, 0.019531266763806343, 0.039062533527612686, 0.07812506705522537, 0.15625013411045074, 0.3125002682209015, 0.625000536441803, 0.0591362826526165, 0.118272565305233, 0.236545130610466, 0.473090261220932, 0.946180522441864, 1.892361044883728, 3.784722089767456, 7.569444179534912, 0.004882804583758116, 0.009765609167516232, 0.019531218335032463, 0.039062436670064926, 0.07812487334012985, 0.1562497466802597, 0.3124994933605194, 0.6249989867210388, 0.004882823210209608, 0.009765646420419216, 0.019531292840838432, 0.039062585681676865, 0.07812517136335373, 0.15625034272670746, 0.3125006854534149, 0.6250013709068298, 0.0591362863779068, 0.1182725727558136, 0.2365451455116272, 0.4730902910232544, 0.9461805820465088, 1.8923611640930176, 3.784722328186035, 7.56944465637207, 0.004882824141532183, 0.009765648283064365, 0.01953129656612873, 0.03906259313225746, 0.07812518626451492, 0.15625037252902985, 0.3125007450580597, 0.6250014901161194, 0.004882812965661287, 0.009765625931322575, 0.01953125186264515, 0.0390625037252903, 0.0781250074505806, 0.1562500149011612, 0.3125000298023224, 0.6250000596046448, 0.004882811103016138, 0.009765622206032276, 0.019531244412064552, 0.039062488824129105, 0.07812497764825821, 0.15624995529651642, 0.31249991059303284, 0.6249998211860657, 0.004882822744548321, 0.009765645489096642, 0.019531290978193283, 0.039062581956386566, 0.07812516391277313, 0.15625032782554626, 0.31250065565109253, 0.6250013113021851, 0.01627604104578495, 0.0325520820915699, 0.0651041641831398, 0.1302083283662796, 0.2604166567325592, 0.5208333134651184, 1.0416666269302368, 2.0833332538604736, 0.0, 0.0, 0.0, 0.0, 0.0, 0.0, 0.0, 0.0, 0.0, 0.0, 0.0, 0.0, 0.0, 0.0, 0.0, 0.0], [0.118272565305233, 0.236545130610466, 0.473090261220932, 0.946180522441864, 1.892361044883728, 3.784722089767456, -3.486161470413208, 15.138888359069824, 0.1182725578546524, 0.2365451157093048, 0.4730902314186096, 0.9461804628372192, 1.8923609256744385, 3.784721851348877, 7.569443702697754, 15.138887405395508, 0.009765633381903172, 0.019531266763806343, 0.039062533527612686, 0.07812506705522537, 0.15625013411045074, 0.3125002682209015, 0.625000536441803, 1.250001072883606, 0.118272565305233, 0.236545130610466, 0.473090261220932, 0.946180522441864, 1.892361044883728, 3.784722089767456, 7.569444179534912, 15.138888359069824, 0.009765609167516232, 0.019531218335032463, 0.039062436670064926, 0.07812487334012985, 0.1562497466802597, 0.3124994933605194, 0.6249989867210388, 1.2499979734420776, 0.009765646420419216, 0.019531292840838432, 0.039062585681676865, 0.07812517136335373, 0.15625034272670746, 0.3125006854534149, 0.6250013709068298, 1.2500027418136597, 0.1182725727558136, 0.2365451455116272, 0.4730902910232544, 0.9461805820465088, 1.8923611640930176, 3.784722328186035, 7.56944465637207, 15.13888931274414, 0.009765648283064365, 0.01953129656612873, 0.03906259313225746, 0.07812518626451492, 0.15625037252902985, 0.3125007450580597, 0.6250014901161194, 1.2500029802322388, 0.009765625931322575, 0.01953125186264515, 0.0390625037252903, 0.0781250074505806, 0.1562500149011612, 0.3125000298023224, 0.6250000596046448, 1.2500001192092896, 0.009765622206032276, 0.019531244412064552, 0.039062488824129105, 0.07812497764825821, 0.15624995529651642, 0.31249991059303284, 0.6249998211860657, 1.2499996423721313, 0.009765645489096642, 0.019531290978193283, 0.039062581956386566, 0.07812516391277313, 0.15625032782554626, 0.31250065565109253, 0.6250013113021851, 1.2500026226043701, 0.0325520820915699, 0.0651041641831398, 0.1302083283662796, 0.2604166567325592, 0.5208333134651184, 1.0416666269302368, 2.0833332538604736, 4.166666507720947, 0.0, 0.0, 0.0, 0.0, 0.0, 0.0, 0.0, 0.0, 0.0, 0.0, 0.0, 0.0, 0.0, 0.0, 0.0, 0.0], [0.236545130610466, 0.473090261220932, 0.946180522441864, 1.892361044883728, 3.784722089767456, 7.569444179534912, 15.138888359069824, 8.166566848754883, 0.2365451157093048, 0.4730902314186096, 0.9461804628372192, 1.8923609256744385, 3.784721851348877, 7.569443702697754, 15.138887405395508, 30.277774810791016, 0.019531266763806343, 0.039062533527612686, 0.07812506705522537, 0.15625013411045074, 0.3125002682209015, 0.625000536441803, 1.250001072883606, 2.500002145767212, 0.236545130610466, 0.473090261220932, 0.946180522441864, 1.892361044883728, 3.784722089767456, 7.569444179534912, 15.138888359069824, 30.27777671813965, 0.019531218335032463, 0.039062436670064926, 0.07812487334012985, 0.1562497466802597, 0.3124994933605194, 0.6249989867210388, 1.2499979734420776, 2.4999959468841553, 0.019531292840838432, 0.039062585681676865, 0.07812517136335373, 0.15625034272670746, 0.3125006854534149, 0.6250013709068298, 1.2500027418136597, 2.5000054836273193, 0.2365451455116272, 0.4730902910232544, 0.9461805820465088, 1.8923611640930176, 3.784722328186035, 7.56944465637207, 15.13888931274414, 30.27777862548828, 0.01953129656612873, 0.03906259313225746, 0.07812518626451492, 0.15625037252902985, 0.3125007450580597, 0.6250014901161194, 1.2500029802322388, 2.5000059604644775, 0.01953125186264515, 0.0390625037252903, 0.0781250074505806, 0.1562500149011612, 0.3125000298023224, 0.6250000596046448, 1.2500001192092896, 2.500000238418579, 0.019531244412064552, 0.039062488824129105, 0.07812497764825821, 0.15624995529651642, 0.31249991059303284, 0.6249998211860657, 1.2499996423721313, 2.4999992847442627, 0.019531290978193283, 0.039062581956386566, 0.07812516391277313, 0.15625032782554626, 0.31250065565109253, 0.6250013113021851, 1.2500026226043701, 2.5000052452087402, 0.0651041641831398, 0.1302083283662796, 0.2604166567325592, 0.5208333134651184, 1.0416666269302368, 2.0833332538604736, 4.166666507720947, 8.333333015441895, 0.0, 0.0, 0.0, 0.0, 0.0, 0.0, 0.0, 0.0, 0.0, 0.0, 0.0, 0.0, 0.0, 0.0, 0.0, 0.0], [0.0018480087164789438, 0.0036960174329578876, 0.007392034865915775, 0.01478406973183155, 0.0295681394636631, 0.0591362789273262, 0.1182725578546524, 0.2365451157093048, -0.17090754210948944, 0.0036960323341190815, 0.007392064668238163, 0.014784129336476326, 0.029568258672952652, 0.059136517345905304, 0.11827303469181061, 0.23654606938362122, 0.0001525868137832731, 0.0003051736275665462, 0.0006103472551330924, 0.0012206945102661848, 0.0024413890205323696, 0.004882778041064739, 0.009765556082129478, 0.019531112164258957, 0.0018480109283700585, 0.003696021856740117, 0.007392043713480234, 0.014784087426960468, 0.029568174853920937, 0.05913634970784187, 0.11827269941568375, 0.2365453988313675, 0.0001525966654298827, 0.0003051933308597654, 0.0006103866617195308, 0.0012207733234390616, 0.0024415466468781233, 0.004883093293756247, 0.009766186587512493, 0.019532373175024986, 0.0001525850675534457, 0.0003051701351068914, 0.0006103402702137828, 0.0012206805404275656, 0.002441361080855131, 0.004882722161710262, 0.009765444323420525, 0.01953088864684105, 0.0018480084836483002, 0.0036960169672966003, 0.007392033934593201, 0.014784067869186401, 0.029568135738372803, 0.059136271476745605, 0.11827254295349121, 0.23654508590698242, 0.00015258416533470154, 0.0003051683306694031, 0.0006103366613388062, 0.0012206733226776123, 0.0024413466453552246, 0.004882693290710449, 0.009765386581420898, 0.019530773162841797, 0.00015258883649948984, 0.0003051776729989797, 0.0006103553459979594, 0.0012207106919959188, 0.0024414213839918375, 0.004882842767983675, 0.00976568553596735, 0.0195313710719347, 0.00015259288193192333, 0.00030518576386384666, 0.0006103715277276933, 0.0012207430554553866, 0.0024414861109107733, 0.0048829722218215466, 0.009765944443643093, 0.019531888887286186, 0.00015258509665727615, 0.0003051701933145523, 0.0006103403866291046, 0.0012206807732582092, 0.0024413615465164185, 0.004882723093032837, 0.009765446186065674, 0.019530892372131348, 0.0005086262826807797, 0.0010172525653615594, 0.0020345051307231188, 0.0040690102614462376, 0.008138020522892475, 0.01627604104578495, 0.0325520820915699, 0.0651041641831398, 0.0, 0.0, 0.0, 0.0, 0.0, 0.0, 0.0, 0.0, 0.0, 0.0, 0.0, 0.0, 0.0, 0.0, 0.0, 0.0], [0.0036960174329578876, 0.007392034865915775, 0.01478406973183155, 0.0295681394636631, 0.0591362789273262, 0.1182725578546524, 0.2365451157093048, 0.4730902314186096, 0.0036960323341190815, -0.3381190598011017, 0.014784129336476326, 0.029568258672952652, 0.059136517345905304, 0.11827303469181061, 0.23654606938362122, 0.47309213876724243, 0.0003051736275665462, 0.0006103472551330924, 0.0012206945102661848, 0.0024413890205323696, 0.004882778041064739, 0.009765556082129478, 0.019531112164258957, 0.039062224328517914, 0.003696021856740117, 0.007392043713480234, 0.014784087426960468, 0.029568174853920937, 0.05913634970784187, 0.11827269941568375, 0.2365453988313675, 0.473090797662735, 0.0003051933308597654, 0.0006103866617195308, 0.0012207733234390616, 0.0024415466468781233, 0.004883093293756247, 0.009766186587512493, 0.019532373175024986, 0.03906474635004997, 0.0003051701351068914, 0.0006103402702137828, 0.0012206805404275656, 0.002441361080855131, 0.004882722161710262, 0.009765444323420525, 0.01953088864684105, 0.0390617772936821, 0.0036960169672966003, 0.007392033934593201, 0.014784067869186401, 0.029568135738372803, 0.059136271476745605, 0.11827254295349121, 0.23654508590698242, 0.47309017181396484, 0.0003051683306694031, 0.0006103366613388062, 0.0012206733226776123, 0.0024413466453552246, 0.004882693290710449, 0.009765386581420898, 0.019530773162841797, 0.039061546325683594, 0.0003051776729989797, 0.0006103553459979594, 0.0012207106919959188, 0.0024414213839918375, 0.004882842767983675, 0.00976568553596735, 0.0195313710719347, 0.0390627421438694, 0.00030518576386384666, 0.0006103715277276933, 0.0012207430554553866, 0.0024414861109107733, 0.0048829722218215466, 0.009765944443643093, 0.019531888887286186, 0.03906377777457237, 0.0003051701933145523, 0.0006103403866291046, 0.0012206807732582092, 0.0024413615465164185, 0.004882723093032837, 0.009765446186065674, 0.019530892372131348, 0.039061784744262695, 0.0010172525653615594, 0.0020345051307231188, 0.0040690102614462376, 0.008138020522892475, 0.01627604104578495, 0.0325520820915699, 0.0651041641831398, 0.1302083283662796, 0.0, 0.0, 0.0, 0.0, 0.0, 0.0, 0.0, 0.0, 0.0, 0.0, 0.0, 0.0, 0.0, 0.0, 0.0, 0.0], [0.007392034865915775, 0.01478406973183155, 0.0295681394636631, 0.0591362789273262, 0.1182725578546524, 0.2365451157093048, 0.4730902314186096, 0.9461804628372192, 0.007392064668238163, 0.014784129336476326, -0.6614539623260498, 0.059136517345905304, 0.11827303469181061, 0.23654606938362122, 0.47309213876724243, 0.9461842775344849, 0.0006103472551330924, 0.0012206945102661848, 0.0024413890205323696, 0.004882778041064739, 0.009765556082129478, 0.019531112164258957, 0.039062224328517914, 0.07812444865703583, 0.007392043713480234, 0.014784087426960468, 0.029568174853920937, 0.05913634970784187, 0.11827269941568375, 0.2365453988313675, 0.473090797662735, 0.94618159532547, 0.0006103866617195308, 0.0012207733234390616, 0.0024415466468781233, 0.004883093293756247, 0.009766186587512493, 0.019532373175024986, 0.03906474635004997, 0.07812949270009995, 0.0006103402702137828, 0.0012206805404275656, 0.002441361080855131, 0.004882722161710262, 0.009765444323420525, 0.01953088864684105, 0.0390617772936821, 0.0781235545873642, 0.007392033934593201, 0.014784067869186401, 0.029568135738372803, 0.059136271476745605, 0.11827254295349121, 0.23654508590698242, 0.47309017181396484, 0.9461803436279297, 0.0006103366613388062, 0.0012206733226776123, 0.0024413466453552246, 0.004882693290710449, 0.009765386581420898, 0.019530773162841797, 0.039061546325683594, 0.07812309265136719, 0.0006103553459979594, 0.0012207106919959188, 0.0024414213839918375, 0.004882842767983675, 0.00976568553596735, 0.0195313710719347, 0.0390627421438694, 0.0781254842877388, 0.0006103715277276933, 0.0012207430554553866, 0.0024414861109107733, 0.0048829722218215466, 0.009765944443643093, 0.019531888887286186, 0.03906377777457237, 0.07812755554914474, 0.0006103403866291046, 0.0012206807732582092, 0.0024413615465164185, 0.004882723093032837, 0.009765446186065674, 0.019530892372131348, 0.039061784744262695, 0.07812356948852539, 0.0020345051307231188, 0.0040690102614462376, 0.008138020522892475, 0.01627604104578495, 0.0325520820915699, 0.0651041641831398, 0.1302083283662796, 0.2604166567325592, 0.0, 0.0, 0.0, 0.0, 0.0, 0.0, 0.0, 0.0, 0.0, 0.0, 0.0, 0.0, 0.0, 0.0, 0.0, 0.0], [0.01478406973183155, 0.0295681394636631, 0.0591362789273262, 0.1182725578546524, 0.2365451157093048, 0.4730902314186096, 0.9461804628372192, 1.8923609256744385, 0.014784129336476326, 0.029568258672952652, 0.059136517345905304, -1.2637715339660645, 0.23654606938362122, 0.47309213876724243, 0.9461842775344849, 1.8923685550689697, 0.0012206945102661848, 0.0024413890205323696, 0.004882778041064739, 0.009765556082129478, 0.019531112164258957, 0.039062224328517914, 0.07812444865703583, 0.15624889731407166, 0.014784087426960468, 0.029568174853920937, 0.05913634970784187, 0.11827269941568375, 0.2365453988313675, 0.473090797662735, 0.94618159532547, 1.89236319065094, 0.0012207733234390616, 0.0024415466468781233, 0.004883093293756247, 0.009766186587512493, 0.019532373175024986, 0.03906474635004997, 0.07812949270009995, 0.1562589854001999, 0.0012206805404275656, 0.002441361080855131, 0.004882722161710262, 0.009765444323420525, 0.01953088864684105, 0.0390617772936821, 0.0781235545873642, 0.1562471091747284, 0.014784067869186401, 0.029568135738372803, 0.059136271476745605, 0.11827254295349121, 0.23654508590698242, 0.47309017181396484, 0.9461803436279297, 1.8923606872558594, 0.0012206733226776123, 0.0024413466453552246, 0.004882693290710449, 0.009765386581420898, 0.019530773162841797, 0.039061546325683594, 0.07812309265136719, 0.15624618530273438, 0.0012207106919959188, 0.0024414213839918375, 0.004882842767983675, 0.00976568553596735, 0.0195313710719347, 0.0390627421438694, 0.0781254842877388, 0.1562509685754776, 0.0012207430554553866, 0.0024414861109107733, 0.0048829722218215466, 0.009765944443643093, 0.019531888887286186, 0.03906377777457237, 0.07812755554914474, 0.1562551110982895, 0.0012206807732582092, 0.0024413615465164185, 0.004882723093032837, 0.009765446186065674, 0.019530892372131348, 0.039061784744262695, 0.07812356948852539, 0.15624713897705078, 0.0040690102614462376, 0.008138020522892475, 0.01627604104578495, 0.0325520820915699, 0.0651041641831398, 0.1302083283662796, 0.2604166567325592, 0.5208333134651184, 0.0, 0.0, 0.0, 0.0, 0.0, 0.0, 0.0, 0.0, 0.0, 0.0, 0.0, 0.0, 0.0, 0.0, 0.0, 0.0], [0.0295681394636631, 0.0591362789273262, 0.1182725578546524, 0.2365451157093048, 0.4730902314186096, 0.9461804628372192, 1.8923609256744385, 3.784721851348877, 0.029568258672952652, 0.059136517345905304, 0.11827303469181061, 0.23654606938362122, -2.290996789932251, 0.9461842775344849, 1.8923685550689697, 3.7847371101379395, 0.0024413890205323696, 0.004882778041064739, 0.009765556082129478, 0.019531112164258957, 0.039062224328517914, 0.07812444865703583, 0.15624889731407166, 0.3124977946281433, 0.029568174853920937, 0.05913634970784187, 0.11827269941568375, 0.2365453988313675, 0.473090797662735, 0.94618159532547, 1.89236319065094, 3.78472638130188, 0.0024415466468781233, 0.004883093293756247, 0.009766186587512493, 0.019532373175024986, 0.03906474635004997, 0.07812949270009995, 0.1562589854001999, 0.3125179708003998, 0.002441361080855131, 0.004882722161710262, 0.009765444323420525, 0.01953088864684105, 0.0390617772936821, 0.0781235545873642, 0.1562471091747284, 0.3124942183494568, 0.029568135738372803, 0.059136271476745605, 0.11827254295349121, 0.23654508590698242, 0.47309017181396484, 0.9461803436279297, 1.8923606872558594, 3.7847213745117188, 0.0024413466453552246, 0.004882693290710449, 0.009765386581420898, 0.019530773162841797, 0.039061546325683594, 0.07812309265136719, 0.15624618530273438, 0.31249237060546875, 0.0024414213839918375, 0.004882842767983675, 0.00976568553596735, 0.0195313710719347, 0.0390627421438694, 0.0781254842877388, 0.1562509685754776, 0.3125019371509552, 0.0024414861109107733, 0.0048829722218215466, 0.009765944443643093, 0.019531888887286186, 0.03906377777457237, 0.07812755554914474, 0.1562551110982895, 0.312510222196579, 0.0024413615465164185, 0.004882723093032837, 0.009765446186065674, 0.019530892372131348, 0.039061784744262695, 0.07812356948852539, 0.15624713897705078, 0.31249427795410156, 0.008138020522892475, 0.01627604104578495, 0.0325520820915699, 0.0651041641831398, 0.1302083283662796, 0.2604166567325592, 0.5208333134651184, 1.0416666269302368, 0.0, 0.0, 0.0, 0.0, 0.0, 0.0, 0.0, 0.0, 0.0, 0.0, 0.0, 0.0, 0.0, 0.0, 0.0, 0.0], [0.0591362789273262, 0.1182725578546524, 0.2365451157093048, 0.4730902314186096, 0.9461804628372192, 1.8923609256744385, 3.784721851348877, 7.569443702697754, 0.059136517345905304, 0.11827303469181061, 0.23654606938362122, 0.47309213876724243, 0.9461842775344849, -3.6358094215393066, 3.7847371101379395, 7.569474220275879, 0.004882778041064739, 0.009765556082129478, 0.019531112164258957, 0.039062224328517914, 0.07812444865703583, 0.15624889731407166, 0.3124977946281433, 0.6249955892562866, 0.05913634970784187, 0.11827269941568375, 0.2365453988313675, 0.473090797662735, 0.94618159532547, 1.89236319065094, 3.78472638130188, 7.56945276260376, 0.004883093293756247, 0.009766186587512493, 0.019532373175024986, 0.03906474635004997, 0.07812949270009995, 0.1562589854001999, 0.3125179708003998, 0.6250359416007996, 0.004882722161710262, 0.009765444323420525, 0.01953088864684105, 0.0390617772936821, 0.0781235545873642, 0.1562471091747284, 0.3124942183494568, 0.6249884366989136, 0.059136271476745605, 0.11827254295349121, 0.23654508590698242, 0.47309017181396484, 0.9461803436279297, 1.8923606872558594, 3.7847213745117188, 7.5694427490234375, 0.004882693290710449, 0.009765386581420898, 0.019530773162841797, 0.039061546325683594, 0.07812309265136719, 0.15624618530273438, 0.31249237060546875, 0.6249847412109375, 0.004882842767983675, 0.00976568553596735, 0.0195313710719347, 0.0390627421438694, 0.0781254842877388, 0.1562509685754776, 0.3125019371509552, 0.6250038743019104, 0.0048829722218215466, 0.009765944443643093, 0.019531888887286186, 0.03906377777457237, 0.07812755554914474, 0.1562551110982895, 0.312510222196579, 0.625020444393158, 0.004882723093032837, 0.009765446186065674, 0.019530892372131348, 0.039061784744262695, 0.07812356948852539, 0.15624713897705078, 0.31249427795410156, 0.6249885559082031, 0.01627604104578495, 0.0325520820915699, 0.0651041641831398, 0.1302083283662796, 0.2604166567325592, 0.5208333134651184, 1.0416666269302368, 2.0833332538604736, 0.0, 0.0, 0.0, 0.0, 0.0, 0.0, 0.0, 0.0, 0.0, 0.0, 0.0, 0.0, 0.0, 0.0, 0.0, 0.0], [0.1182725578546524, 0.2365451157093048, 0.4730902314186096, 0.9461804628372192, 1.8923609256744385, 3.784721851348877, 7.569443702697754, 15.138887405395508, 0.11827303469181061, 0.23654606938362122, 0.47309213876724243, 0.9461842775344849, 1.8923685550689697, 3.7847371101379395, -3.4868814945220947, 15.138948440551758, 0.009765556082129478, 0.019531112164258957, 0.039062224328517914, 0.07812444865703583, 0.15624889731407166, 0.3124977946281433, 0.6249955892562866, 1.2499911785125732, 0.11827269941568375, 0.2365453988313675, 0.473090797662735, 0.94618159532547, 1.89236319065094, 3.78472638130188, 7.56945276260376, 15.13890552520752, 0.009766186587512493, 0.019532373175024986, 0.03906474635004997, 0.07812949270009995, 0.1562589854001999, 0.3125179708003998, 0.6250359416007996, 1.2500718832015991, 0.009765444323420525, 0.01953088864684105, 0.0390617772936821, 0.0781235545873642, 0.1562471091747284, 0.3124942183494568, 0.6249884366989136, 1.2499768733978271, 0.11827254295349121, 0.23654508590698242, 0.47309017181396484, 0.9461803436279297, 1.8923606872558594, 3.7847213745117188, 7.5694427490234375, 15.138885498046875, 0.009765386581420898, 0.019530773162841797, 0.039061546325683594, 0.07812309265136719, 0.15624618530273438, 0.31249237060546875, 0.6249847412109375, 1.249969482421875, 0.00976568553596735, 0.0195313710719347, 0.0390627421438694, 0.0781254842877388, 0.1562509685754776, 0.3125019371509552, 0.6250038743019104, 1.2500077486038208, 0.009765944443643093, 0.019531888887286186, 0.03906377777457237, 0.07812755554914474, 0.1562551110982895, 0.312510222196579, 0.625020444393158, 1.250040888786316, 0.009765446186065674, 0.019530892372131348, 0.039061784744262695, 0.07812356948852539, 0.15624713897705078, 0.31249427795410156, 0.6249885559082031, 1.2499771118164062, 0.0325520820915699, 0.0651041641831398, 0.1302083283662796, 0.2604166567325592, 0.5208333134651184, 1.0416666269302368, 2.0833332538604736, 4.166666507720947, 0.0, 0.0, 0.0, 0.0, 0.0, 0.0, 0.0, 0.0, 0.0, 0.0, 0.0, 0.0, 0.0, 0.0, 0.0, 0.0], [0.2365451157093048, 0.4730902314186096, 0.9461804628372192, 1.8923609256744385, 3.784721851348877, 7.569443702697754, 15.138887405395508, 30.277774810791016, 0.23654606938362122, 0.47309213876724243, 0.9461842775344849, 1.8923685550689697, 3.7847371101379395, 7.569474220275879, 15.138948440551758, 8.165186882019043, 0.019531112164258957, 0.039062224328517914, 0.07812444865703583, 0.15624889731407166, 0.3124977946281433, 0.6249955892562866, 1.2499911785125732, 2.4999823570251465, 0.2365453988313675, 0.473090797662735, 0.94618159532547, 1.89236319065094, 3.78472638130188, 7.56945276260376, 15.13890552520752, 30.27781105041504, 0.019532373175024986, 0.03906474635004997, 0.07812949270009995, 0.1562589854001999, 0.3125179708003998, 0.6250359416007996, 1.2500718832015991, 2.5001437664031982, 0.01953088864684105, 0.0390617772936821, 0.0781235545873642, 0.1562471091747284, 0.3124942183494568, 0.6249884366989136, 1.2499768733978271, 2.4999537467956543, 0.23654508590698242, 0.47309017181396484, 0.9461803436279297, 1.8923606872558594, 3.7847213745117188, 7.5694427490234375, 15.138885498046875, 30.27777099609375, 0.019530773162841797, 0.039061546325683594, 0.07812309265136719, 0.15624618530273438, 0.31249237060546875, 0.6249847412109375, 1.249969482421875, 2.49993896484375, 0.0195313710719347, 0.0390627421438694, 0.0781254842877388, 0.1562509685754776, 0.3125019371509552, 0.6250038743019104, 1.2500077486038208, 2.5000154972076416, 0.019531888887286186, 0.03906377777457237, 0.07812755554914474, 0.1562551110982895, 0.312510222196579, 0.625020444393158, 1.250040888786316, 2.500081777572632, 0.019530892372131348, 0.039061784744262695, 0.07812356948852539, 0.15624713897705078, 0.31249427795410156, 0.6249885559082031, 1.2499771118164062, 2.4999542236328125, 0.0651041641831398, 0.1302083283662796, 0.2604166567325592, 0.5208333134651184, 1.0416666269302368, 2.0833332538604736, 4.166666507720947, 8.333333015441895, 0.0, 0.0, 0.0, 0.0, 0.0, 0.0, 0.0, 0.0, 0.0, 0.0, 0.0, 0.0, 0.0, 0.0, 0.0, 0.0], [0.00015258802159223706, 0.0003051760431844741, 0.0006103520863689482, 0.0012207041727378964, 0.002441408345475793, 0.004882816690951586, 0.009765633381903172, 0.019531266763806343, 0.0001525868137832731, 0.0003051736275665462, 0.0006103472551330924, 0.0012206945102661848, 0.0024413890205323696, 0.004882778041064739, 0.009765556082129478, 0.019531112164258957, -0.07794897258281708, 0.00030517776031047106, 0.0006103555206209421, 0.0012207110412418842, 0.0024414220824837685, 0.004882844164967537, 0.009765688329935074, 0.019531376659870148, 0.00015258759958669543, 0.00030517519917339087, 0.0006103503983467817, 0.0012207007966935635, 0.002441401593387127, 0.004882803186774254, 0.009765606373548508, 0.019531212747097015, 0.00015258693019859493, 0.00030517386039718986, 0.0006103477207943797, 0.0012206954415887594, 0.002441390883177519, 0.004882781766355038, 0.009765563532710075, 0.01953112706542015, 0.0001525905536254868, 0.0003051811072509736, 0.0006103622145019472, 0.0012207244290038943, 0.0024414488580077887, 0.004882897716015577, 0.009765795432031155, 0.01953159086406231, 0.0001525882980786264, 0.0003051765961572528, 0.0006103531923145056, 0.0012207063846290112, 0.0024414127692580223, 0.004882825538516045, 0.00976565107703209, 0.01953130215406418, 0.00015259195060934871, 0.00030518390121869743, 0.00061036780