{"size": [112, 112], "args": [["A12.csv", "A13.csv", "A14.csv", "A15.csv", "A16.csv", "A17.csv", "A18.csv", "A19.csv", "A20.csv", "A21.csv", "A22.csv"], 0.2, 0.4, 0.4, 0.1, 5, [64, 32, 16], [[100.0, 100.0, 100.0, 100.0], [10.0, 10.0, 10.0, 10.0], [50.0, 50.0, 50.0, 50.0], [200.0, 200.0, 200.0, 200.0]]], "c": [50.0, 50.0, 50.0, 50.0], "tag": "r11-12-13-14-15-16-17-18-19-20-21-0.2-0.4-0.4-0.1-5-50.0-50.0-50.0-50.0-112x112", "data:": {"q": {"x1": [0.03125], "x2": [0.0], "x3": [0.0], "x4": [0.0], "x5": [0.0], "x6": [0.0], "x7": [0.09375], "x8": [0.0], "x9": [0.875], "x10": [0.0], "x11": [0.0]}, "program": "minimize(list(x1,x2,x3,x4,x5,x6,x7,x8,x9,x10,x11),((0.00050280851*x1*x1)+(-0.0002561814297296821*x1*x2)+(-5.4364886279232834e-05*x1*x3)+(0.0007684011677161366*x1*x4)+(5.7908703960857924e-05*x1*x5)+(0.0004879655464301194*x1*x6)+(-0.0003398585524414276*x1*x7)+(-0.00011778945711780764*x1*x8)+(0.00017740348921378168*x1*x9)+(-0.0003768463766009849*x1*x10)+(1.597379989214873e-05*x1*x11)+(-0.0002561814297296821*x2*x1)+(0.00022159610950000003*x2*x2)+(4.057154567954619e-05*x2*x3)+(-0.0003644121540021816*x2*x4)+(-3.706273472852384e-05*x2*x5)+(-0.0002544532550390819*x2*x6)+(0.0003754210363381077*x2*x7)+(9.015411708490135e-05*x2*x8)+(-9.53266472912144e-05*x2*x9)+(0.00032745816504225334*x2*x10)+(-1.0850971118601391e-05*x2*x11)+(-5.4364886279232834e-05*x3*x1)+(4.057154567954619e-05*x3*x2)+(1.033340535e-05*x3*x3)+(-8.910526281652802e-05*x3*x4)+(-2.117900431002098e-06*x3*x5)+(-5.119053624902173e-05*x3*x6)+(4.5449053833120095e-05*x3*x7)+(2.148367892452789e-05*x3*x8)+(-1.7749262771536574e-05*x3*x9)+(5.9441664834982845e-05*x3*x10)+(2.2574244677437905e-07*x3*x11)+(0.0007684011677161366*x4*x1)+(-0.0003644121540021816*x4*x2)+(-8.910526281652802e-05*x4*x3)+(0.001219171765*x4*x4)+(6.676791325350761e-05*x4*x5)+(0.0007350331712681532*x4*x6)+(-0.0003848807133463005*x4*x7)+(-0.00018781811431993082*x4*x8)+(0.0002616793943985025*x4*x9)+(-0.0005339313261773154*x4*x10)+(1.4871851805861273e-05*x4*x11)+(5.7908703960857924e-05*x5*x1)+(-3.706273472852384e-05*x5*x2)+(-2.117900431002098e-06*x5*x3)+(6.676791325350761e-05*x5*x4)+(1.76012048e-05*x5*x5)+(6.14171909918768e-05*x5*x6)+(-9.524741852351626e-05*x5*x7)+(-7.19394316281685e-06*x5*x8)+(2.505344452659784e-05*x5*x9)+(-5.553267275478757e-05*x5*x10)+(6.6840662935736485e-06*x5*x11)+(0.0004879655464301194*x6*x1)+(-0.0002544532550390819*x6*x2)+(-5.119053624902173e-05*x6*x3)+(0.0007350331712681532*x6*x4)+(6.14171909918768e-05*x6*x5)+(0.00047610912900000003*x6*x6)+(-0.0003608462952886518*x6*x7)+(-0.0001121669140800627*x6*x8)+(0.00017441781841294734*x6*x9)+(-0.0003748080881461802*x6*x10)+(1.7798025344579918e-05*x6*x11)+(-0.0003398585524414276*x7*x1)+(0.0003754210363381077*x7*x2)+(4.5449053833120095e-05*x7*x3)+(-0.0003848807133463005*x7*x4)+(-9.524741852351626e-05*x7*x5)+(-0.0003608462952886518*x7*x6)+(0.0008289611000000001*x7*x7)+(0.00011269724544051121*x7*x8)+(-0.00014695207463525566*x7*x9)+(0.000558946494219233*x7*x10)+(-3.444673920323464e-05*x7*x11)+(-0.00011778945711780764*x8*x1)+(9.015411708490135e-05*x8*x2)+(2.148367892452789e-05*x8*x3)+(-0.00018781811431993082*x8*x4)+(-7.19394316281685e-06*x8*x5)+(-0.0001121669140800627*x8*x6)+(0.00011269724544051121*x8*x7)+(4.5209583e-05*x8*x8)+(-3.95669194666916e-05*x8*x9)+(0.00013234423513356353*x8*x10)+(-6.620415554446053e-07*x8*x11)+(0.00017740348921378168*x9*x1)+(-9.53266472912144e-05*x9*x2)+(-1.7749262771536574e-05*x9*x3)+(0.0002616793943985025*x9*x4)+(2.505344452659784e-05*x9*x5)+(0.00017441781841294734*x9*x6)+(-0.00014695207463525566*x9*x7)+(-3.95669194666916e-05*x9*x8)+(6.45818595e-05*x9*x9)+(-0.00014067101560330232*x9*x10)+(7.671130490847863e-06*x9*x11)+(-0.0003768463766009849*x10*x1)+(0.00032745816504225334*x10*x2)+(5.9441664834982845e-05*x10*x3)+(-0.0005339313261773154*x10*x4)+(-5.553267275478757e-05*x10*x5)+(-0.0003748080881461802*x10*x6)+(0.000558946494219233*x10*x7)+(0.00013234423513356353*x10*x8)+(-0.00014067101560330232*x10*x9)+(0.0004839842775*x10*x10)+(-1.64049384429255e-05*x10*x11)+(1.597379989214873e-05*x11*x1)+(-1.0850971118601391e-05*x11*x2)+(2.2574244677437905e-07*x11*x3)+(1.4871851805861273e-05*x11*x4)+(6.6840662935736485e-06*x11*x5)+(1.7798025344579918e-05*x11*x6)+(-3.444673920323464e-05*x11*x7)+(-6.620415554446053e-07*x11*x8)+(7.671130490847863e-06*x11*x9)+(-1.64049384429255e-05*x11*x10)+(2.65894021e-06*x11*x11)-((-0.01*x1)+(-0.0185*x2)+(-0.0115*x3)+(-0.007*x4)+(-0.0225*x5)+(-0.0115*x6)+(-0.006*x7)+(-0.0115*x8)+(-0.006*x9)+(-0.017*x10)+(-0.02*x11))))\n & label('total', x1+x2+x3+x4+x5+x6+x7+x8+x9+x10+x11==1.0) & \nlabel('eqlimit', (0.0*x1)+(0.0*x2)+(0.0*x3)+(0.0*x4)+(5.0*x5)+(0.0*x6)+(0.0*x7)+(5.0*x8)+(0.0*x9)+(5.0*x10)+(5.0*x11)<1.0) & \nlabel('filimit', (2.5*x1)+(2.5*x2)+(0.0*x3)+(0.0*x4)+(0.0*x5)+(2.5*x6)+(0.0*x7)+(0.0*x8)+(0.0*x9)+(0.0*x10)+(0.0*x11)<1.0) & \nlabel('xxxlimit', (0.0*x1)+(0.0*x2)+(2.5*x3)+(2.5*x4)+(0.0*x5)+(0.0*x6)+(2.5*x7)+(0.0*x8)+(0.0*x9)+(0.0*x10)+(0.0*x11)<1.0)", "matrix": [[-1.0809377431869507, 0.0396728515625, 0.079345703125, 0.15869140625, 0.3173828125, 0.634765625, 1.26953125, 2.5390625, 0.01983642578125, 0.0396728515625, 0.079345703125, 0.15869140625, 0.3173828125, 0.634765625, 1.26953125, 2.5390625, 0.0007629395695403218, 0.0015258791390806437, 0.0030517582781612873, 0.006103516556322575, 0.01220703311264515, 0.0244140662252903, 0.0488281324505806, 0.0976562649011612, 0.01983642578125, 0.0396728515625, 0.079345703125, 0.15869140625, 0.3173828125, 0.634765625, 1.26953125, 2.5390625, 0.0007629389292560518, 0.0015258778585121036, 0.003051755717024207, 0.006103511434048414, 0.012207022868096828, 0.024414045736193657, 0.048828091472387314, 0.09765618294477463, 0.0007629397441633046, 0.0015258794883266091, 0.0030517589766532183, 0.0061035179533064365, 0.012207035906612873, 0.024414071813225746, 0.04882814362645149, 0.09765628725290298, 0.01983642578125, 0.0396728515625, 0.079345703125, 0.15869140625, 0.3173828125, 0.634765625, 1.26953125, 2.5390625, 0.0007629396859556437, 0.0015258793719112873, 0.0030517587438225746, 0.006103517487645149, 0.012207034975290298, 0.024414069950580597, 0.048828139901161194, 0.09765627980232239, 0.000762939453125, 0.00152587890625, 0.0030517578125, 0.006103515625, 0.01220703125, 0.0244140625, 0.048828125, 0.09765625, 0.0007629392785020173, 0.0015258785570040345, 0.003051757114008069, 0.006103514228016138, 0.012207028456032276, 0.024414056912064552, 0.048828113824129105, 0.09765622764825821, 0.0007629396859556437, 0.0015258793719112873, 0.0030517587438225746, 0.006103517487645149, 0.012207034975290298, 0.024414069950580597, 0.048828139901161194, 0.09765627980232239, 0.003814697265625, 0.00762939453125, 0.0152587890625, 0.030517578125, 0.06103515625, 0.1220703125, 0.244140625, 0.48828125, 0.0, 0.0, 0.0, 0.0, 0.0, 0.0, 0.0, 0.0, 0.0, 0.0, 0.0, 0.0, 0.0, 0.0, 0.0, 0.0], [0.0396728515625, -2.1222026348114014, 0.15869140625, 0.3173828125, 0.634765625, 1.26953125, 2.5390625, 5.078125, 0.0396728515625, 0.079345703125, 0.15869140625, 0.3173828125, 0.634765625, 1.26953125, 2.5390625, 5.078125, 0.0015258791390806437, 0.0030517582781612873, 0.006103516556322575, 0.01220703311264515, 0.0244140662252903, 0.0488281324505806, 0.0976562649011612, 0.1953125298023224, 0.0396728515625, 0.079345703125, 0.15869140625, 0.3173828125, 0.634765625, 1.26953125, 2.5390625, 5.078125, 0.0015258778585121036, 0.003051755717024207, 0.006103511434048414, 0.012207022868096828, 0.024414045736193657, 0.048828091472387314, 0.09765618294477463, 0.19531236588954926, 0.0015258794883266091, 0.0030517589766532183, 0.0061035179533064365, 0.012207035906612873, 0.024414071813225746, 0.04882814362645149, 0.09765628725290298, 0.19531257450580597, 0.0396728515625, 0.079345703125, 0.15869140625, 0.3173828125, 0.634765625, 1.26953125, 2.5390625, 5.078125, 0.0015258793719112873, 0.0030517587438225746, 0.006103517487645149, 0.012207034975290298, 0.024414069950580597, 0.048828139901161194, 0.09765627980232239, 0.19531255960464478, 0.00152587890625, 0.0030517578125, 0.006103515625, 0.01220703125, 0.0244140625, 0.048828125, 0.09765625, 0.1953125, 0.0015258785570040345, 0.003051757114008069, 0.006103514228016138, 0.012207028456032276, 0.024414056912064552, 0.048828113824129105, 0.09765622764825821, 0.19531245529651642, 0.0015258793719112873, 0.0030517587438225746, 0.006103517487645149, 0.012207034975290298, 0.024414069950580597, 0.048828139901161194, 0.09765627980232239, 0.19531255960464478, 0.00762939453125, 0.0152587890625, 0.030517578125, 0.06103515625, 0.1220703125, 0.244140625, 0.48828125, 0.9765625, 0.0, 0.0, 0.0, 0.0, 0.0, 0.0, 0.0, 0.0, 0.0, 0.0, 0.0, 0.0, 0.0, 0.0, 0.0, 0.0], [0.079345703125, 0.15869140625, -4.085713863372803, 0.634765625, 1.26953125, 2.5390625, 5.078125, 10.15625, 0.079345703125, 0.15869140625, 0.3173828125, 0.634765625, 1.26953125, 2.5390625, 5.078125, 10.15625, 0.0030517582781612873, 0.006103516556322575, 0.01220703311264515, 0.0244140662252903, 0.0488281324505806, 0.0976562649011612, 0.1953125298023224, 0.3906250596046448, 0.079345703125, 0.15869140625, 0.3173828125, 0.634765625, 1.26953125, 2.5390625, 5.078125, 10.15625, 0.003051755717024207, 0.006103511434048414, 0.012207022868096828, 0.024414045736193657, 0.048828091472387314, 0.09765618294477463, 0.19531236588954926, 0.3906247317790985, 0.0030517589766532183, 0.0061035179533064365, 0.012207035906612873, 0.024414071813225746, 0.04882814362645149, 0.09765628725290298, 0.19531257450580597, 0.39062514901161194, 0.079345703125, 0.15869140625, 0.3173828125, 0.634765625, 1.26953125, 2.5390625, 5.078125, 10.15625, 0.0030517587438225746, 0.006103517487645149, 0.012207034975290298, 0.024414069950580597, 0.048828139901161194, 0.09765627980232239, 0.19531255960464478, 0.39062511920928955, 0.0030517578125, 0.006103515625, 0.01220703125, 0.0244140625, 0.048828125, 0.09765625, 0.1953125, 0.390625, 0.003051757114008069, 0.006103514228016138, 0.012207028456032276, 0.024414056912064552, 0.048828113824129105, 0.09765622764825821, 0.19531245529651642, 0.39062491059303284, 0.0030517587438225746, 0.006103517487645149, 0.012207034975290298, 0.024414069950580597, 0.048828139901161194, 0.09765627980232239, 0.19531255960464478, 0.39062511920928955, 0.0152587890625, 0.030517578125, 0.06103515625, 0.1220703125, 0.244140625, 0.48828125, 0.9765625, 1.953125, 0.0, 0.0, 0.0, 0.0, 0.0, 0.0, 0.0, 0.0, 0.0, 0.0, 0.0, 0.0, 0.0, 0.0, 0.0, 0.0], [0.15869140625, 0.3173828125, 0.634765625, -7.5366621017456055, 2.5390625, 5.078125, 10.15625, 20.3125, 0.15869140625, 0.3173828125, 0.634765625, 1.26953125, 2.5390625, 5.078125, 10.15625, 20.3125, 0.006103516556322575, 0.01220703311264515, 0.0244140662252903, 0.0488281324505806, 0.0976562649011612, 0.1953125298023224, 0.3906250596046448, 0.7812501192092896, 0.15869140625, 0.3173828125, 0.634765625, 1.26953125, 2.5390625, 5.078125, 10.15625, 20.3125, 0.006103511434048414, 0.012207022868096828, 0.024414045736193657, 0.048828091472387314, 0.09765618294477463, 0.19531236588954926, 0.3906247317790985, 0.781249463558197, 0.0061035179533064365, 0.012207035906612873, 0.024414071813225746, 0.04882814362645149, 0.09765628725290298, 0.19531257450580597, 0.39062514901161194, 0.7812502980232239, 0.15869140625, 0.3173828125, 0.634765625, 1.26953125, 2.5390625, 5.078125, 10.15625, 20.3125, 0.006103517487645149, 0.012207034975290298, 0.024414069950580597, 0.048828139901161194, 0.09765627980232239, 0.19531255960464478, 0.39062511920928955, 0.7812502384185791, 0.006103515625, 0.01220703125, 0.0244140625, 0.048828125, 0.09765625, 0.1953125, 0.390625, 0.78125, 0.006103514228016138, 0.012207028456032276, 0.024414056912064552, 0.048828113824129105, 0.09765622764825821, 0.19531245529651642, 0.39062491059303284, 0.7812498211860657, 0.006103517487645149, 0.012207034975290298, 0.024414069950580597, 0.048828139901161194, 0.09765627980232239, 0.19531255960464478, 0.39062511920928955, 0.7812502384185791, 0.030517578125, 0.06103515625, 0.1220703125, 0.244140625, 0.48828125, 0.9765625, 1.953125, 3.90625, 0.0, 0.0, 0.0, 0.0, 0.0, 0.0, 0.0, 0.0, 0.0, 0.0, 0.0, 0.0, 0.0, 0.0, 0.0, 0.0], [0.3173828125, 0.634765625, 1.26953125, 2.5390625, -12.534261703491211, 10.15625, 20.3125, 40.625, 0.3173828125, 0.634765625, 1.26953125, 2.5390625, 5.078125, 10.15625, 20.3125, 40.625, 0.01220703311264515, 0.0244140662252903, 0.0488281324505806, 0.0976562649011612, 0.1953125298023224, 0.3906250596046448, 0.7812501192092896, 1.562500238418579, 0.3173828125, 0.634765625, 1.26953125, 2.5390625, 5.078125, 10.15625, 20.3125, 40.625, 0.012207022868096828, 0.024414045736193657, 0.048828091472387314, 0.09765618294477463, 0.19531236588954926, 0.3906247317790985, 0.781249463558197, 1.562498927116394, 0.012207035906612873, 0.024414071813225746, 0.04882814362645149, 0.09765628725290298, 0.19531257450580597, 0.39062514901161194, 0.7812502980232239, 1.5625005960464478, 0.3173828125, 0.634765625, 1.26953125, 2.5390625, 5.078125, 10.15625, 20.3125, 40.625, 0.012207034975290298, 0.024414069950580597, 0.048828139901161194, 0.09765627980232239, 0.19531255960464478, 0.39062511920928955, 0.7812502384185791, 1.5625004768371582, 0.01220703125, 0.0244140625, 0.048828125, 0.09765625, 0.1953125, 0.390625, 0.78125, 1.5625, 0.012207028456032276, 0.024414056912064552, 0.048828113824129105, 0.09765622764825821, 0.19531245529651642, 0.39062491059303284, 0.7812498211860657, 1.5624996423721313, 0.012207034975290298, 0.024414069950580597, 0.048828139901161194, 0.09765627980232239, 0.19531255960464478, 0.39062511920928955, 0.7812502384185791, 1.5625004768371582, 0.06103515625, 0.1220703125, 0.244140625, 0.48828125, 0.9765625, 1.953125, 3.90625, 7.8125, 0.0, 0.0, 0.0, 0.0, 0.0, 0.0, 0.0, 0.0, 0.0, 0.0, 0.0, 0.0, 0.0, 0.0, 0.0, 0.0], [0.634765625, 1.26953125, 2.5390625, 5.078125, 10.15625, -14.912273406982422, 40.625, 81.25, 0.634765625, 1.26953125, 2.5390625, 5.078125, 10.15625, 20.3125, 40.625, 81.25, 0.0244140662252903, 0.0488281324505806, 0.0976562649011612, 0.1953125298023224, 0.3906250596046448, 0.7812501192092896, 1.562500238418579, 3.125000476837158, 0.634765625, 1.26953125, 2.5390625, 5.078125, 10.15625, 20.3125, 40.625, 81.25, 0.024414045736193657, 0.048828091472387314, 0.09765618294477463, 0.19531236588954926, 0.3906247317790985, 0.781249463558197, 1.562498927116394, 3.124997854232788, 0.024414071813225746, 0.04882814362645149, 0.09765628725290298, 0.19531257450580597, 0.39062514901161194, 0.7812502980232239, 1.5625005960464478, 3.1250011920928955, 0.634765625, 1.26953125, 2.5390625, 5.078125, 10.15625, 20.3125, 40.625, 81.25, 0.024414069950580597, 0.048828139901161194, 0.09765627980232239, 0.19531255960464478, 0.39062511920928955, 0.7812502384185791, 1.5625004768371582, 3.1250009536743164, 0.0244140625, 0.048828125, 0.09765625, 0.1953125, 0.390625, 0.78125, 1.5625, 3.125, 0.024414056912064552, 0.048828113824129105, 0.09765622764825821, 0.19531245529651642, 0.39062491059303284, 0.7812498211860657, 1.5624996423721313, 3.1249992847442627, 0.024414069950580597, 0.048828139901161194, 0.09765627980232239, 0.19531255960464478, 0.39062511920928955, 0.7812502384185791, 1.5625004768371582, 3.1250009536743164, 0.1220703125, 0.244140625, 0.48828125, 0.9765625, 1.953125, 3.90625, 7.8125, 15.625, 0.0, 0.0, 0.0, 0.0, 0.0, 0.0, 0.0, 0.0, 0.0, 0.0, 0.0, 0.0, 0.0, 0.0, 0.0, 0.0], [1.26953125, 2.5390625, 5.078125, 10.15625, 20.3125, 40.625, 10.800453186035156, 162.5, 1.26953125, 2.5390625, 5.078125, 10.15625, 20.3125, 40.625, 81.25, 162.5, 0.0488281324505806, 0.0976562649011612, 0.1953125298023224, 0.3906250596046448, 0.7812501192092896, 1.562500238418579, 3.125000476837158, 6.250000953674316, 1.26953125, 2.5390625, 5.078125, 10.15625, 20.3125, 40.625, 81.25, 162.5, 0.048828091472387314, 0.09765618294477463, 0.19531236588954926, 0.3906247317790985, 0.781249463558197, 1.562498927116394, 3.124997854232788, 6.249995708465576, 0.04882814362645149, 0.09765628725290298, 0.19531257450580597, 0.39062514901161194, 0.7812502980232239, 1.5625005960464478, 3.1250011920928955, 6.250002384185791, 1.26953125, 2.5390625, 5.078125, 10.15625, 20.3125, 40.625, 81.25, 162.5, 0.048828139901161194, 0.09765627980232239, 0.19531255960464478, 0.39062511920928955, 0.7812502384185791, 1.5625004768371582, 3.1250009536743164, 6.250001907348633, 0.048828125, 0.09765625, 0.1953125, 0.390625, 0.78125, 1.5625, 3.125, 6.25, 0.048828113824129105, 0.09765622764825821, 0.19531245529651642, 0.39062491059303284, 0.7812498211860657, 1.5624996423721313, 3.1249992847442627, 6.249998569488525, 0.048828139901161194, 0.09765627980232239, 0.19531255960464478, 0.39062511920928955, 0.7812502384185791, 1.5625004768371582, 3.1250009536743164, 6.250001907348633, 0.244140625, 0.48828125, 0.9765625, 1.953125, 3.90625, 7.8125, 15.625, 31.25, 0.0, 0.0, 0.0, 0.0, 0.0, 0.0, 0.0, 0.0, 0.0, 0.0, 0.0, 0.0, 0.0, 0.0, 0.0, 0.0], [2.5390625, 5.078125, 10.15625, 20.3125, 40.625, 81.25, 162.5, 184.10089111328125, 2.5390625, 5.078125, 10.15625, 20.3125, 40.625, 81.25, 162.5, 325.0, 0.0976562649011612, 0.1953125298023224, 0.3906250596046448, 0.7812501192092896, 1.562500238418579, 3.125000476837158, 6.250000953674316, 12.500001907348633, 2.5390625, 5.078125, 10.15625, 20.3125, 40.625, 81.25, 162.5, 325.0, 0.09765618294477463, 0.19531236588954926, 0.3906247317790985, 0.781249463558197, 1.562498927116394, 3.124997854232788, 6.249995708465576, 12.499991416931152, 0.09765628725290298, 0.19531257450580597, 0.39062514901161194, 0.7812502980232239, 1.5625005960464478, 3.1250011920928955, 6.250002384185791, 12.500004768371582, 2.5390625, 5.078125, 10.15625, 20.3125, 40.625, 81.25, 162.5, 325.0, 0.09765627980232239, 0.19531255960464478, 0.39062511920928955, 0.7812502384185791, 1.5625004768371582, 3.1250009536743164, 6.250001907348633, 12.500003814697266, 0.09765625, 0.1953125, 0.390625, 0.78125, 1.5625, 3.125, 6.25, 12.5, 0.09765622764825821, 0.19531245529651642, 0.39062491059303284, 0.7812498211860657, 1.5624996423721313, 3.1249992847442627, 6.249998569488525, 12.49999713897705, 0.09765627980232239, 0.19531255960464478, 0.39062511920928955, 0.7812502384185791, 1.5625004768371582, 3.1250009536743164, 6.250001907348633, 12.500003814697266, 0.48828125, 0.9765625, 1.953125, 3.90625, 7.8125, 15.625, 31.25, 62.5, 0.0, 0.0, 0.0, 0.0, 0.0, 0.0, 0.0, 0.0, 0.0, 0.0, 0.0, 0.0, 0.0, 0.0, 0.0, 0.0], [0.01983642578125, 0.0396728515625, 0.079345703125, 0.15869140625, 0.3173828125, 0.634765625, 1.26953125, 2.5390625, -1.0809495449066162, 0.039672866463661194, 0.07934573292732239, 0.15869146585464478, 0.31738293170928955, 0.6347658634185791, 1.2695317268371582, 2.5390634536743164, 0.0007629372994415462, 0.0015258745988830924, 0.003051749197766185, 0.00610349839553237, 0.01220699679106474, 0.02441399358212948, 0.04882798716425896, 0.09765597432851791, 0.01983642764389515, 0.0396728552877903, 0.0793457105755806, 0.1586914211511612, 0.3173828423023224, 0.6347656846046448, 1.2695313692092896, 2.539062738418579, 0.0007629480096511543, 0.0015258960193023086, 0.003051792038604617, 0.006103584077209234, 0.012207168154418468, 0.024414336308836937, 0.048828672617673874, 0.09765734523534775, 0.0007629337487742305, 0.001525867497548461, 0.003051734995096922, 0.006103469990193844, 0.012206939980387688, 0.024413879960775375, 0.04882775992155075, 0.0976555198431015, 0.01983642578125, 0.0396728515625, 0.079345703125, 0.15869140625, 0.3173828125, 0.634765625, 1.26953125, 2.5390625, 0.0007629313040524721, 0.0015258626081049442, 0.0030517252162098885, 0.006103450432419777, 0.012206900864839554, 0.024413801729679108, 0.048827603459358215, 0.09765520691871643, 0.0007629403844475746, 0.0015258807688951492, 0.0030517615377902985, 0.006103523075580597, 0.012207046151161194, 0.024414092302322388, 0.048828184604644775, 0.09765636920928955, 0.0007629444589838386, 0.0015258889179676771, 0.0030517778359353542, 0.0061035556718707085, 0.012207111343741417, 0.024414222687482834, 0.04882844537496567, 0.09765689074993134, 0.0007629336905665696, 0.0015258673811331391, 0.0030517347622662783, 0.0061034695245325565, 0.012206939049065113, 0.024413878098130226, 0.04882775619626045, 0.0976555123925209, 0.003814697265625, 0.00762939453125, 0.0152587890625, 0.030517578125, 0.06103515625, 0.1220703125, 0.244140625, 0.48828125, 0.0, 0.0, 0.0, 0.0, 0.0, 0.0, 0.0, 0.0, 0.0, 0.0, 0.0, 0.0, 0.0, 0.0, 0.0, 0.0], [0.0396728515625, 0.079345703125, 0.15869140625, 0.3173828125, 0.634765625, 1.26953125, 2.5390625, 5.078125, 0.039672866463661194, -2.1222259998321533, 0.15869146585464478, 0.31738293170928955, 0.6347658634185791, 1.2695317268371582, 2.5390634536743164, 5.078126907348633, 0.0015258745988830924, 0.003051749197766185, 0.00610349839553237, 0.01220699679106474, 0.02441399358212948, 0.04882798716425896, 0.09765597432851791, 0.19531194865703583, 0.0396728552877903, 0.0793457105755806, 0.1586914211511612, 0.3173828423023224, 0.6347656846046448, 1.2695313692092896, 2.539062738418579, 5.078125476837158, 0.0015258960193023086, 0.003051792038604617, 0.006103584077209234, 0.012207168154418468, 0.024414336308836937, 0.048828672617673874, 0.09765734523534775, 0.1953146904706955, 0.001525867497548461, 0.003051734995096922, 0.006103469990193844, 0.012206939980387688, 0.024413879960775375, 0.04882775992155075, 0.0976555198431015, 0.195311039686203, 0.0396728515625, 0.079345703125, 0.15869140625, 0.3173828125, 0.634765625, 1.26953125, 2.5390625, 5.078125, 0.0015258626081049442, 0.0030517252162098885, 0.006103450432419777, 0.012206900864839554, 0.024413801729679108, 0.048827603459358215, 0.09765520691871643, 0.19531041383743286, 0.0015258807688951492, 0.0030517615377902985, 0.006103523075580597, 0.012207046151161194, 0.024414092302322388, 0.048828184604644775, 0.09765636920928955, 0.1953127384185791, 0.0015258889179676771, 0.0030517778359353542, 0.0061035556718707085, 0.012207111343741417, 0.024414222687482834, 0.04882844537496567, 0.09765689074993134, 0.19531378149986267, 0.0015258673811331391, 0.0030517347622662783, 0.0061034695245325565, 0.012206939049065113, 0.024413878098130226, 0.04882775619626045, 0.0976555123925209, 0.1953110247850418, 0.00762939453125, 0.0152587890625, 0.030517578125, 0.06103515625, 0.1220703125, 0.244140625, 0.48828125, 0.9765625, 0.0, 0.0, 0.0, 0.0, 0.0, 0.0, 0.0, 0.0, 0.0, 0.0, 0.0, 0.0, 0.0, 0.0, 0.0, 0.0], [0.079345703125, 0.15869140625, 0.3173828125, 0.634765625, 1.26953125, 2.5390625, 5.078125, 10.15625, 0.07934573292732239, 0.15869146585464478, -4.085760593414307, 0.6347658634185791, 1.2695317268371582, 2.5390634536743164, 5.078126907348633, 10.156253814697266, 0.003051749197766185, 0.00610349839553237, 0.01220699679106474, 0.02441399358212948, 0.04882798716425896, 0.09765597432851791, 0.19531194865703583, 0.39062389731407166, 0.0793457105755806, 0.1586914211511612, 0.3173828423023224, 0.6347656846046448, 1.2695313692092896, 2.539062738418579, 5.078125476837158, 10.156250953674316, 0.003051792038604617, 0.006103584077209234, 0.012207168154418468, 0.024414336308836937, 0.048828672617673874, 0.09765734523534775, 0.1953146904706955, 0.390629380941391, 0.003051734995096922, 0.006103469990193844, 0.012206939980387688, 0.024413879960775375, 0.04882775992155075, 0.0976555198431015, 0.195311039686203, 0.390622079372406, 0.079345703125, 0.15869140625, 0.3173828125, 0.634765625, 1.26953125, 2.5390625, 5.078125, 10.15625, 0.0030517252162098885, 0.006103450432419777, 0.012206900864839554, 0.024413801729679108, 0.048827603459358215, 0.09765520691871643, 0.19531041383743286, 0.3906208276748657, 0.0030517615377902985, 0.006103523075580597, 0.012207046151161194, 0.024414092302322388, 0.048828184604644775, 0.09765636920928955, 0.1953127384185791, 0.3906254768371582, 0.0030517778359353542, 0.0061035556718707085, 0.012207111343741417, 0.024414222687482834, 0.04882844537496567, 0.09765689074993134, 0.19531378149986267, 0.39062756299972534, 0.0030517347622662783, 0.0061034695245325565, 0.012206939049065113, 0.024413878098130226, 0.04882775619626045, 0.0976555123925209, 0.1953110247850418, 0.3906220495700836, 0.0152587890625, 0.030517578125, 0.06103515625, 0.1220703125, 0.244140625, 0.48828125, 0.9765625, 1.953125, 0.0, 0.0, 0.0, 0.0, 0.0, 0.0, 0.0, 0.0, 0.0, 0.0, 0.0, 0.0, 0.0, 0.0, 0.0, 0.0], [0.15869140625, 0.3173828125, 0.634765625, 1.26953125, 2.5390625, 5.078125, 10.15625, 20.3125, 0.15869146585464478, 0.31738293170928955, 0.6347658634185791, -7.536755561828613, 2.5390634536743164, 5.078126907348633, 10.156253814697266, 20.31250762939453, 0.00610349839553237, 0.01220699679106474, 0.02441399358212948, 0.04882798716425896, 0.09765597432851791, 0.19531194865703583, 0.39062389731407166, 0.7812477946281433, 0.1586914211511612, 0.3173828423023224, 0.6347656846046448, 1.2695313692092896, 2.539062738418579, 5.078125476837158, 10.156250953674316, 20.312501907348633, 0.006103584077209234, 0.012207168154418468, 0.024414336308836937, 0.048828672617673874, 0.09765734523534775, 0.1953146904706955, 0.390629380941391, 0.781258761882782, 0.006103469990193844, 0.012206939980387688, 0.024413879960775375, 0.04882775992155075, 0.0976555198431015, 0.195311039686203, 0.390622079372406, 0.781244158744812, 0.15869140625, 0.3173828125, 0.634765625, 1.26953125, 2.5390625, 5.078125, 10.15625, 20.3125, 0.006103450432419777, 0.012206900864839554, 0.024413801729679108, 0.048827603459358215, 0.09765520691871643, 0.19531041383743286, 0.3906208276748657, 0.7812416553497314, 0.006103523075580597, 0.012207046151161194, 0.024414092302322388, 0.048828184604644775, 0.09765636920928955, 0.1953127384185791, 0.3906254768371582, 0.7812509536743164, 0.0061035556718707085, 0.012207111343741417, 0.024414222687482834, 0.04882844537496567, 0.09765689074993134, 0.19531378149986267, 0.39062756299972534, 0.7812551259994507, 0.0061034695245325565, 0.012206939049065113, 0.024413878098130226, 0.04882775619626045, 0.0976555123925209, 0.1953110247850418, 0.3906220495700836, 0.7812440991401672, 0.030517578125, 0.06103515625, 0.1220703125, 0.244140625, 0.48828125, 0.9765625, 1.953125, 3.90625, 0.0, 0.0, 0.0, 0.0, 0.0, 0.0, 0.0, 0.0, 0.0, 0.0, 0.0, 0.0, 0.0, 0.0, 0.0, 0.0], [0.3173828125, 0.634765625, 1.26953125, 2.5390625, 5.078125, 10.15625, 20.3125, 40.625, 0.31738293170928955, 0.6347658634185791, 1.2695317268371582, 2.5390634536743164, -12.534446716308594, 10.156253814697266, 20.31250762939453, 40.62501525878906, 0.01220699679106474, 0.02441399358212948, 0.04882798716425896, 0.09765597432851791, 0.19531194865703583, 0.39062389731407166, 0.7812477946281433, 1.5624955892562866, 0.3173828423023224, 0.6347656846046448, 1.2695313692092896, 2.539062738418579, 5.078125476837158, 10.156250953674316, 20.312501907348633, 40.625003814697266, 0.012207168154418468, 0.024414336308836937, 0.048828672617673874, 0.09765734523534775, 0.1953146904706955, 0.390629380941391, 0.781258761882782, 1.562517523765564, 0.012206939980387688, 0.024413879960775375, 0.04882775992155075, 0.0976555198431015, 0.195311039686203, 0.390622079372406, 0.781244158744812, 1.562488317489624, 0.3173828125, 0.634765625, 1.26953125, 2.5390625, 5.078125, 10.15625, 20.3125, 40.625, 0.012206900864839554, 0.024413801729679108, 0.048827603459358215, 0.09765520691871643, 0.19531041383743286, 0.3906208276748657, 0.7812416553497314, 1.562483310699463, 0.012207046151161194, 0.024414092302322388, 0.048828184604644775, 0.09765636920928955, 0.1953127384185791, 0.3906254768371582, 0.7812509536743164, 1.5625019073486328, 0.012207111343741417, 0.024414222687482834, 0.04882844537496567, 0.09765689074993134, 0.19531378149986267, 0.39062756299972534, 0.7812551259994507, 1.5625102519989014, 0.012206939049065113, 0.024413878098130226, 0.04882775619626045, 0.0976555123925209, 0.1953110247850418, 0.3906220495700836, 0.7812440991401672, 1.5624881982803345, 0.06103515625, 0.1220703125, 0.244140625, 0.48828125, 0.9765625, 1.953125, 3.90625, 7.8125, 0.0, 0.0, 0.0, 0.0, 0.0, 0.0, 0.0, 0.0, 0.0, 0.0, 0.0, 0.0, 0.0, 0.0, 0.0, 0.0], [0.634765625, 1.26953125, 2.5390625, 5.078125, 10.15625, 20.3125, 40.625, 81.25, 0.6347658634185791, 1.2695317268371582, 2.5390634536743164, 5.078126907348633, 10.156253814697266, -14.912640571594238, 40.62501525878906, 81.25003051757812, 0.02441399358212948, 0.04882798716425896, 0.09765597432851791, 0.19531194865703583, 0.39062389731407166, 0.7812477946281433, 1.5624955892562866, 3.1249911785125732, 0.6347656846046448, 1.2695313692092896, 2.539062738418579, 5.078125476837158, 10.156250953674316, 20.312501907348633, 40.625003814697266, 81.25000762939453, 0.024414336308836937, 0.048828672617673874, 0.09765734523534775, 0.1953146904706955, 0.390629380941391, 0.781258761882782, 1.562517523765564, 3.125035047531128, 0.024413879960775375, 0.04882775992155075, 0.0976555198431015, 0.195311039686203, 0.390622079372406, 0.781244158744812, 1.562488317489624, 3.124976634979248, 0.634765625, 1.26953125, 2.5390625, 5.078125, 10.15625, 20.3125, 40.625, 81.25, 0.024413801729679108, 0.048827603459358215, 0.09765520691871643, 0.19531041383743286, 0.3906208276748657, 0.7812416553497314, 1.562483310699463, 3.124966621398926, 0.024414092302322388, 0.048828184604644775, 0.09765636920928955, 0.1953127384185791, 0.3906254768371582, 0.7812509536743164, 1.5625019073486328, 3.1250038146972656, 0.024414222687482834, 0.04882844537496567, 0.09765689074993134, 0.19531378149986267, 0.39062756299972534, 0.7812551259994507, 1.5625102519989014, 3.1250205039978027, 0.024413878098130226, 0.04882775619626045, 0.0976555123925209, 0.1953110247850418, 0.3906220495700836, 0.7812440991401672, 1.5624881982803345, 3.124976396560669, 0.1220703125, 0.244140625, 0.48828125, 0.9765625, 1.953125, 3.90625, 7.8125, 15.625, 0.0, 0.0, 0.0, 0.0, 0.0, 0.0, 0.0, 0.0, 0.0, 0.0, 0.0, 0.0, 0.0, 0.0, 0.0, 0.0], [1.26953125, 2.5390625, 5.078125, 10.15625, 20.3125, 40.625, 81.25, 162.5, 1.2695317268371582, 2.5390634536743164, 5.078126907348633, 10.156253814697266, 20.31250762939453, 40.62501525878906, 10.799732208251953, 162.50006103515625, 0.04882798716425896, 0.09765597432851791, 0.19531194865703583, 0.39062389731407166, 0.7812477946281433, 1.5624955892562866, 3.1249911785125732, 6.2499823570251465, 1.2695313692092896, 2.539062738418579, 5.078125476837158, 10.156250953674316, 20.312501907348633, 40.625003814697266, 81.25000762939453, 162.50001525878906, 0.048828672617673874, 0.09765734523534775, 0.1953146904706955, 0.390629380941391, 0.781258761882782, 1.562517523765564, 3.125035047531128, 6.250070095062256, 0.04882775992155075, 0.0976555198431015, 0.195311039686203, 0.390622079372406, 0.781244158744812, 1.562488317489624, 3.124976634979248, 6.249953269958496, 1.26953125, 2.5390625, 5.078125, 10.15625, 20.3125, 40.625, 81.25, 162.5, 0.048827603459358215, 0.09765520691871643, 0.19531041383743286, 0.3906208276748657, 0.7812416553497314, 1.562483310699463, 3.124966621398926, 6.249933242797852, 0.048828184604644775, 0.09765636920928955, 0.1953127384185791, 0.3906254768371582, 0.7812509536743164, 1.5625019073486328, 3.1250038146972656, 6.250007629394531, 0.04882844537496567, 0.09765689074993134, 0.19531378149986267, 0.39062756299972534, 0.7812551259994507, 1.5625102519989014, 3.1250205039978027, 6.2500410079956055, 0.04882775619626045, 0.0976555123925209, 0.1953110247850418, 0.3906220495700836, 0.7812440991401672, 1.5624881982803345, 3.124976396560669, 6.249952793121338, 0.244140625, 0.48828125, 0.9765625, 1.953125, 3.90625, 7.8125, 15.625, 31.25, 0.0, 0.0, 0.0, 0.0, 0.0, 0.0, 0.0, 0.0, 0.0, 0.0, 0.0, 0.0, 0.0, 0.0, 0.0, 0.0], [2.5390625, 5.078125, 10.15625, 20.3125, 40.625, 81.25, 162.5, 325.0, 2.5390634536743164, 5.078126907348633, 10.156253814697266, 20.31250762939453, 40.62501525878906, 81.25003051757812, 162.50006103515625, 184.09951782226562, 0.09765597432851791, 0.19531194865703583, 0.39062389731407166, 0.7812477946281433, 1.5624955892562866, 3.1249911785125732, 6.2499823570251465, 12.499964714050293, 2.539062738418579, 5.078125476837158, 10.156250953674316, 20.312501907348633, 40.625003814697266, 81.25000762939453, 162.50001525878906, 325.0000305175781, 0.09765734523534775, 0.1953146904706955, 0.390629380941391, 0.781258761882782, 1.562517523765564, 3.125035047531128, 6.250070095062256, 12.500140190124512, 0.0976555198431015, 0.195311039686203, 0.390622079372406, 0.781244158744812, 1.562488317489624, 3.124976634979248, 6.249953269958496, 12.499906539916992, 2.5390625, 5.078125, 10.15625, 20.3125, 40.625, 81.25, 162.5, 325.0, 0.09765520691871643, 0.19531041383743286, 0.3906208276748657, 0.7812416553497314, 1.562483310699463, 3.124966621398926, 6.249933242797852, 12.499866485595703, 0.09765636920928955, 0.1953127384185791, 0.3906254768371582, 0.7812509536743164, 1.5625019073486328, 3.1250038146972656, 6.250007629394531, 12.500015258789062, 0.09765689074993134, 0.19531378149986267, 0.39062756299972534, 0.7812551259994507, 1.5625102519989014, 3.1250205039978027, 6.2500410079956055, 12.500082015991211, 0.0976555123925209, 0.1953110247850418, 0.3906220495700836, 0.7812440991401672, 1.5624881982803345, 3.124976396560669, 6.249952793121338, 12.499905586242676, 0.48828125, 0.9765625, 1.953125, 3.90625, 7.8125, 15.625, 31.25, 62.5, 0.0, 0.0, 0.0, 0.0, 0.0, 0.0, 0.0, 0.0, 0.0, 0.0, 0.0, 0.0, 0.0, 0.0, 0.0, 0.0], [0.0007629395695403218, 0.0015258791390806437, 0.0030517582781612873, 0.006103516556322575, 0.01220703311264515, 0.0244140662252903, 0.0488281324505806, 0.0976562649011612, 0.0007629372994415462, 0.0015258745988830924, 0.003051749197766185, 0.00610349839553237, 0.01220699679106474, 0.02441399358212948, 0.04882798716425896, 0.09765597432851791, -0.38983863592147827, 0.001525880885310471, 0.003051761770620942, 0.006103523541241884, 0.012207047082483768, 0.024414094164967537, 0.048828188329935074, 0.09765637665987015, 0.0007629388710483909, 0.0015258777420967817, 0.0030517554841935635, 0.006103510968387127, 0.012207021936774254, 0.024414043873548508, 0.048828087747097015, 0.09765617549419403, 0.0007629371830262244, 0.0015258743660524487, 0.0030517487321048975, 0.006103497464209795, 0.01220699492841959, 0.02441398985683918, 0.04882797971367836, 0.09765595942735672, 0.000762942130677402, 0.001525884261354804, 0.003051768522709608, 0.006103537045419216, 0.012207074090838432, 0.024414148181676865, 0.04882829636335373, 0.09765659272670746, 0.0007629398605786264, 0.0015258797211572528, 0.0030517594423145056, 0.006103518884629011, 0.012207037769258022, 0.024414075538516045, 0.04882815107703209, 0.09765630215406418, 0.000762943469453603, 0.001525886938907206, 0.003051773877814412, 0.006103547755628824, 0.012207095511257648, 0.024414191022515297, 0.048828382045030594, 0.09765676409006119, 0.0007629391620866954, 0.0015258783241733909, 0.0030517566483467817, 0.0061035132966935635, 0.012207026593387127, 0.024414053186774254, 0.04882810637354851, 0.09765621274709702, 0.0007629379979334772, 0.0015258759958669543, 0.0030517519917339087, 0.006103503983467817, 0.012207007966935635, 0.02441401593387127, 0.04882803186774254, 0.09765606373548508, 0.0007629421888850629, 0.0015258843777701259, 0.0030517687555402517, 0.0061035375110805035, 0.012207075022161007, 0.024414150044322014, 0.04882830008864403, 0.09765660017728806, 0.0, 0.0, 0.0, 0.0, 0.0, 0.0, 0.0, 0.0, 0.0, 0.0, 0.0, 0.0, 0.0, 0.0, 0.0, 0.0, 0.0, 0.0, 0.0, 0.0, 0.0, 0.0, 0.0, 0.0], [0.0015258791390806437, 0.0030517582781612873, 0.006103516556322575, 0.01220703311264515, 0.0244140662252903, 0.0488281324505806, 0.0976562649011612, 0.1953125298023224, 0.0015258745988830924, 0.003051749197766185, 0.00610349839553237, 0.01220699679106474, 0.02441399358212948, 0.04882798716425896, 0.09765597432851791, 0.19531194865703583, 0.001525880885310471, -0.7781513929367065, 0.006103523541241884, 0.012207047082483768, 0.024414094164967537, 0.048828188329935074, 0.09765637665987015, 0.1953127533197403, 0.0015258777420967817, 0.0030517554841935635, 0.006103510968387127, 0.012207021936774254, 0.024414043873548508, 0.048828087747097015, 0.09765617549419403, 0.19531235098838806, 0.0015258743660524487, 0.0030517487321048975, 0.006103497464209795, 0.01220699492841959, 0.02441398985683918, 0.04882797971367836, 0.09765595942735672, 0.19531191885471344, 0.001525884261354804, 0.003051768522709608, 0.006103537045419216, 0.012207074090838432, 0.024414148181676865, 0.04882829636335373, 0.09765659272670746, 0.19531318545341492, 0.0015258797211572528, 0.0030517594423145056, 0.006103518884629011, 0.012207037769258022, 0.024414075538516045, 0.04882815107703209, 0.09765630215406418, 0.19531260430812836, 0.001525886938907206, 0.003051773877814412, 0.006103547755628824, 0.012207095511257648, 0.024414191022515297, 0.048828382045030594, 0.09765676409006119, 0.19531352818012238, 0.0015258783241733909, 0.0030517566483467817, 0.0061035132966935635, 0.012207026593387127, 0.024414053186774254, 0.04882810637354851, 0.09765621274709702, 0.19531242549419403, 0.0015258759958669543, 0.0030517519917339087, 0.006103503983467817, 0.012207007966935635, 0.02441401593387127, 0.04882803186774254, 0.09765606373548508, 0.19531212747097015, 0.0015258843777701259, 0.0030517687555402517, 0.0061035375110805035, 0.012207075022161007, 0.024414150044322014, 0.04882830008864403, 0.09765660017728806, 0.1953132003545761, 0.0, 0.0, 0.0, 0.0, 0.0, 0.0, 0.0, 0.0, 0.0, 0.0, 0.0, 0.0, 0.0, 0.0, 0.0, 0.0, 0.0, 0.0, 0.0, 0.0, 0.0, 0.0, 0.0, 0.0], [0.0030517582781612873, 0.006103516556322575, 0.01220703311264515, 0.0244140662252903, 0.0488281324505806, 0.0976562649011612, 0.1953125298023224, 0.3906250596046448, 0.003051749197766185, 0.00610349839553237, 0.01220699679106474, 0.02441399358212948, 0.04882798716425896, 0.09765597432851791, 0.19531194865703583, 0.39062389731407166, 0.003051761770620942, 0.006103523541241884, -1.5501991510391235, 0.024414094164967537, 0.048828188329935074, 0.09765637665987015, 0.1953127533197403, 0.3906255066394806, 0.0030517554841935635, 0.006103510968387127, 0.012207021936774254, 0.024414043873548508, 0.048828087747097015, 0.09765617549419403, 0.19531235098838806, 0.3906247019767761, 0.0030517487321048975, 0.006103497464209795, 0.01220699492841959, 0.02441398985683918, 0.04882797971367836, 0.09765595942735672, 0.19531191885471344, 0.3906238377094269, 0.003051768522709608, 0.006103537045419216, 0.012207074090838432, 0.024414148181676865, 0.04882829636335373, 0.09765659272670746, 0.19531318545341492, 0.39062637090682983, 0.0030517594423145056, 0.006103518884629011, 0.012207037769258022, 0.024414075538516045, 0.04882815107703209, 0.09765630215406418, 0.19531260430812836, 0.3906252086162567, 0.003051773877814412, 0.006103547755628824, 0.012207095511257648, 0.024414191022515297, 0.048828382045030594, 0.09765676409006119, 0.19531352818012238, 0.39062705636024475, 0.0030517566483467817, 0.0061035132966935635, 0.012207026593387127, 0.024414053186774254, 0.04882810637354851, 0.09765621274709702, 0.19531242549419403, 0.39062485098838806, 0.0030517519917339087, 0.006103503983467817, 0.012207007966935635, 0.02441401593387127, 0.04882803186774254, 0.09765606373548508, 0.19531212747097015, 0.3906242549419403, 0.0030517687555402517, 0.0061035375110805035, 0.012207075022161007, 0.024414150044322014, 0.04882830008864403, 0.09765660017728806, 0.1953132003545761, 0.3906264007091522, 0.0, 0.0, 0.0, 0.0, 0.0, 0.0, 0.0, 0.0, 0.0, 0.0, 0.0, 0.0, 0.0, 0.0, 0.0, 0.0, 0.0, 0.0, 0.0, 0.0, 0.0, 0.0, 0.0, 0.0], [0.006103516556322575, 0.01220703311264515, 0.0244140662252903, 0.0488281324505806, 0.0976562649011612, 0.1953125298023224, 0.3906250596046448, 0.7812501192092896, 0.00610349839553237, 0.01220699679106474, 0.02441399358212948, 0.04882798716425896, 0.09765597432851791, 0.19531194865703583, 0.39062389731407166, 0.7812477946281433, 0.006103523541241884, 0.012207047082483768, 0.024414094164967537, -3.075984239578247, 0.09765637665987015, 0.1953127533197403, 0.3906255066394806, 0.7812510132789612, 0.006103510968387127, 0.012207021936774254, 0.024414043873548508, 0.048828087747097015, 0.09765617549419403, 0.19531235098838806, 0.3906247019767761, 0.7812494039535522, 0.006103497464209795, 0.01220699492841959, 0.02441398985683918, 0.04882797971367836, 0.09765595942735672, 0.19531191885471344, 0.3906238377094269, 0.7812476754188538, 0.006103537045419216, 0.012207074090838432, 0.024414148181676