{"size": [112, 112], "args": [["A12.csv", "A13.csv", "A14.csv", "A15.csv", "A16.csv", "A17.csv", "A18.csv", "A19.csv", "A20.csv", "A21.csv", "A22.csv"], 0.3, 0.5, 0.5, 0.3, 5, [64, 32, 16], [[100.0, 100.0, 100.0, 100.0], [10.0, 10.0, 10.0, 10.0], [50.0, 50.0, 50.0, 50.0], [200.0, 200.0, 200.0, 200.0]]], "c": [50.0, 50.0, 50.0, 50.0], "tag": "r11-12-13-14-15-16-17-18-19-20-21-0.3-0.5-0.5-0.3-5-50.0-50.0-50.0-50.0-112x112", "data:": {"q": {"x1": [0.0], "x2": [0.0], "x3": [0.0], "x4": [0.0], "x5": [0.0], "x6": [0.0], "x7": [0.09375], "x8": [0.0625], "x9": [0.84375], "x10": [0.0], "x11": [0.0]}, "program": "minimize(list(x1,x2,x3,x4,x5,x6,x7,x8,x9,x10,x11),((0.00050280851*x1*x1)+(-0.00012507512118904626*x1*x2)+(-2.6265717837698503e-05*x1*x3)+(0.0007716341331484096*x1*x4)+(6.594557588257376e-05*x1*x5)+(0.0004882569212903582*x1*x6)+(-0.00012086615632428277*x1*x7)+(-5.8109452353422897e-05*x1*x8)+(0.000178025101641345*x1*x9)+(-0.00018347904580295462*x1*x10)+(2.0549435376446195e-05*x1*x11)+(-0.00012507512118904626*x2*x1)+(0.0002215961095*x2*x2)+(4.218949063863856e-05*x2*x3)+(-0.00016792661800654467*x2*x4)+(-1.4948160285571531e-05*x2*x5)+(-0.00012572726811724565*x2*x6)+(0.0003872377010143229*x2*x7)+(9.236237925470405e-05*x2*x8)+(-4.755873387364319e-05*x2*x9)+(0.00032746501312675997*x2*x10)+(-3.0454964558041717e-06*x2*x11)+(-2.6265717837698503e-05*x3*x1)+(4.218949063863856e-05*x3*x2)+(1.033340535e-05*x3*x3)+(-4.436149644958405e-05*x3*x4)+(1.3497004569937047e-06*x3*x5)+(-2.4227863747065198e-05*x3*x6)+(5.591651729936027e-05*x3*x7)+(2.1512659473583666e-05*x3*x8)+(-8.064286914609717e-06*x3*x9)+(6.194778450494852e-05*x3*x10)+(1.340410027323137e-06*x3*x11)+(0.0007716341331484096*x4*x1)+(-0.00016792661800654467*x4*x2)+(-4.436149644958405e-05*x4*x3)+(0.001219171765*x4*x4)+(8.448360776052281e-05*x4*x5)+(0.0007409987938044593*x4*x6)+(-7.594969003890147e-05*x4*x7)+(-9.390903195979245e-05*x4*x8)+(0.0002658839811955074*x4*x9)+(-0.0002445791185319458*x4*x10)+(2.4219433917583816e-05*x4*x11)+(6.594557588257376e-05*x5*x1)+(-1.4948160285571531e-05*x5*x2)+(1.3497004569937047e-06*x5*x3)+(8.448360776052281e-05*x5*x4)+(1.76012048e-05*x5*x5)+(6.811178297563042e-05*x5*x6)+(-4.723865257054877e-05*x5*x7)+(6.733596115494486e-07*x5*x8)+(2.6978291679793516e-05*x5*x9)+(-2.2681670264362708e-05*x5*x10)+(6.718961080720944e-06*x5*x11)+(0.0004882569212903582*x6*x1)+(-0.00012572726811724565*x6*x2)+(-2.4227863747065198e-05*x6*x3)+(0.0007409987938044593*x6*x4)+(6.811178297563042e-05*x6*x5)+(0.000476109129*x6*x6)+(-0.00014105102986595528*x6*x7)+(-5.46380512401881e-05*x6*x8)+(0.00017462521723884202*x6*x9)+(-0.00018484394543854063*x6*x10)+(2.1749604333739753e-05*x6*x11)+(-0.00012086615632428277*x7*x1)+(0.0003872377010143229*x7*x2)+(5.591651729936027e-05*x7*x3)+(-7.594969003890147e-05*x7*x4)+(-4.723865257054877e-05*x7*x5)+(-0.00014105102986595528*x7*x6)+(0.0008289610999999998*x7*x7)+(0.0001306733543215336*x7*x8)+(-6.287869090576698e-05*x7*x9)+(0.0005754932226576988*x7*x10)+(-1.6358916909703923e-05*x7*x11)+(-5.8109452353422897e-05*x8*x1)+(9.236237925470405e-05*x8*x2)+(2.1512659473583666e-05*x8*x3)+(-9.390903195979245e-05*x8*x4)+(6.733596115494486e-07*x8*x5)+(-5.46380512401881e-05*x8*x6)+(0.0001306733543215336*x8*x7)+(4.5209582999999995e-05*x8*x8)+(-1.8766621000074788e-05*x8*x9)+(0.00013580581740069058*x8*x10)+(1.9215260936661836e-06*x8*x11)+(0.000178025101641345*x9*x1)+(-4.755873387364319e-05*x9*x2)+(-8.064286914609717e-06*x9*x3)+(0.0002658839811955074*x9*x4)+(2.6978291679793516e-05*x9*x5)+(0.00017462521723884202*x9*x6)+(-6.287869090576698e-05*x9*x7)+(-1.8766621000074788e-05*x9*x8)+(6.45818595e-05*x9*x9)+(-7.012292880990688e-05*x9*x10)+(8.87847287254359e-06*x9*x11)+(-0.00018347904580295462*x10*x1)+(0.00032746501312675997*x10*x2)+(6.194778450494852e-05*x10*x3)+(-0.0002445791185319458*x10*x4)+(-2.2681670264362708e-05*x10*x5)+(-0.00018484394543854063*x10*x6)+(0.0005754932226576988*x10*x7)+(0.00013580581740069058*x10*x8)+(-7.012292880990688e-05*x10*x9)+(0.00048398427749999994*x10*x10)+(-4.787578128776502e-06*x10*x11)+(2.0549435376446195e-05*x11*x1)+(-3.0454964558041717e-06*x11*x2)+(1.340410027323137e-06*x11*x3)+(2.4219433917583816e-05*x11*x4)+(6.718961080720944e-06*x11*x5)+(2.1749604333739753e-05*x11*x6)+(-1.6358916909703923e-05*x11*x7)+(1.9215260936661836e-06*x11*x8)+(8.87847287254359e-06*x11*x9)+(-4.787578128776502e-06*x11*x10)+(2.65894021e-06*x11*x11)-((-0.01*x1)+(-0.0185*x2)+(-0.0115*x3)+(-0.007*x4)+(-0.0225*x5)+(-0.0115*x6)+(-0.006*x7)+(-0.0115*x8)+(-0.006*x9)+(-0.017*x10)+(-0.02*x11))))\n & label('total', x1+x2+x3+x4+x5+x6+x7+x8+x9+x10+x11==1.0) & \nlabel('eqlimit', (0.0*x1)+(0.0*x2)+(0.0*x3)+(0.0*x4)+(3.3333333333333335*x5)+(0.0*x6)+(0.0*x7)+(3.3333333333333335*x8)+(0.0*x9)+(3.3333333333333335*x10)+(3.3333333333333335*x11)<1.0) & \nlabel('filimit', (2.0*x1)+(2.0*x2)+(0.0*x3)+(0.0*x4)+(0.0*x5)+(2.0*x6)+(0.0*x7)+(0.0*x8)+(0.0*x9)+(0.0*x10)+(0.0*x11)<1.0) & \nlabel('xxxlimit', (0.0*x1)+(0.0*x2)+(2.0*x3)+(2.0*x4)+(0.0*x5)+(0.0*x6)+(2.0*x7)+(0.0*x8)+(0.0*x9)+(0.0*x10)+(0.0*x11)<1.0)", "matrix": [[-0.8547916412353516, 0.0184800885617733, 0.0369601771235466, 0.0739203542470932, 0.1478407084941864, 0.2956814169883728, 0.5913628339767456, 1.1827256679534912, 0.00924004428088665, 0.0184800885617733, 0.0369601771235466, 0.0739203542470932, 0.1478407084941864, 0.2956814169883728, 0.5913628339767456, 1.1827256679534912, 0.0007629395695403218, 0.0015258791390806437, 0.0030517582781612873, 0.006103516556322575, 0.01220703311264515, 0.0244140662252903, 0.0488281324505806, 0.0976562649011612, 0.00924004428088665, 0.0184800885617733, 0.0369601771235466, 0.0739203542470932, 0.1478407084941864, 0.2956814169883728, 0.5913628339767456, 1.1827256679534912, 0.0007629392202943563, 0.0015258784405887127, 0.0030517568811774254, 0.006103513762354851, 0.012207027524709702, 0.024414055049419403, 0.048828110098838806, 0.09765622019767761, 0.0007629398023709655, 0.001525879604741931, 0.003051759209483862, 0.006103518418967724, 0.012207036837935448, 0.024414073675870895, 0.04882814735174179, 0.09765629470348358, 0.00924004428088665, 0.0184800885617733, 0.0369601771235466, 0.0739203542470932, 0.1478407084941864, 0.2956814169883728, 0.5913628339767456, 1.1827256679534912, 0.0007629398023709655, 0.001525879604741931, 0.003051759209483862, 0.006103518418967724, 0.012207036837935448, 0.024414073675870895, 0.04882814735174179, 0.09765629470348358, 0.000762939453125, 0.00152587890625, 0.0030517578125, 0.006103515625, 0.01220703125, 0.0244140625, 0.048828125, 0.09765625, 0.0007629393949173391, 0.0015258787898346782, 0.0030517575796693563, 0.006103515159338713, 0.012207030318677425, 0.02441406063735485, 0.0488281212747097, 0.0976562425494194, 0.0007629397441633046, 0.0015258794883266091, 0.0030517589766532183, 0.0061035179533064365, 0.012207035906612873, 0.024414071813225746, 0.04882814362645149, 0.09765628725290298, 0.0025431313551962376, 0.005086262710392475, 0.01017252542078495, 0.0203450508415699, 0.0406901016831398, 0.0813802033662796, 0.1627604067325592, 0.3255208134651184, 0.0, 0.0, 0.0, 0.0, 0.0, 0.0, 0.0, 0.0, 0.0, 0.0, 0.0, 0.0, 0.0, 0.0, 0.0, 0.0], [0.0184800885617733, -1.6911033391952515, 0.0739203542470932, 0.1478407084941864, 0.2956814169883728, 0.5913628339767456, 1.1827256679534912, 2.3654513359069824, 0.0184800885617733, 0.0369601771235466, 0.0739203542470932, 0.1478407084941864, 0.2956814169883728, 0.5913628339767456, 1.1827256679534912, 2.3654513359069824, 0.0015258791390806437, 0.0030517582781612873, 0.006103516556322575, 0.01220703311264515, 0.0244140662252903, 0.0488281324505806, 0.0976562649011612, 0.1953125298023224, 0.0184800885617733, 0.0369601771235466, 0.0739203542470932, 0.1478407084941864, 0.2956814169883728, 0.5913628339767456, 1.1827256679534912, 2.3654513359069824, 0.0015258784405887127, 0.0030517568811774254, 0.006103513762354851, 0.012207027524709702, 0.024414055049419403, 0.048828110098838806, 0.09765622019767761, 0.19531244039535522, 0.001525879604741931, 0.003051759209483862, 0.006103518418967724, 0.012207036837935448, 0.024414073675870895, 0.04882814735174179, 0.09765629470348358, 0.19531258940696716, 0.0184800885617733, 0.0369601771235466, 0.0739203542470932, 0.1478407084941864, 0.2956814169883728, 0.5913628339767456, 1.1827256679534912, 2.3654513359069824, 0.001525879604741931, 0.003051759209483862, 0.006103518418967724, 0.012207036837935448, 0.024414073675870895, 0.04882814735174179, 0.09765629470348358, 0.19531258940696716, 0.00152587890625, 0.0030517578125, 0.006103515625, 0.01220703125, 0.0244140625, 0.048828125, 0.09765625, 0.1953125, 0.0015258787898346782, 0.0030517575796693563, 0.006103515159338713, 0.012207030318677425, 0.02441406063735485, 0.0488281212747097, 0.0976562425494194, 0.1953124850988388, 0.0015258794883266091, 0.0030517589766532183, 0.0061035179533064365, 0.012207035906612873, 0.024414071813225746, 0.04882814362645149, 0.09765628725290298, 0.19531257450580597, 0.005086262710392475, 0.01017252542078495, 0.0203450508415699, 0.0406901016831398, 0.0813802033662796, 0.1627604067325592, 0.3255208134651184, 0.6510416269302368, 0.0, 0.0, 0.0, 0.0, 0.0, 0.0, 0.0, 0.0, 0.0, 0.0, 0.0, 0.0, 0.0, 0.0, 0.0, 0.0], [0.0369601771235466, 0.0739203542470932, -3.308286190032959, 0.2956814169883728, 0.5913628339767456, 1.1827256679534912, 2.3654513359069824, 4.730902671813965, 0.0369601771235466, 0.0739203542470932, 0.1478407084941864, 0.2956814169883728, 0.5913628339767456, 1.1827256679534912, 2.3654513359069824, 4.730902671813965, 0.0030517582781612873, 0.006103516556322575, 0.01220703311264515, 0.0244140662252903, 0.0488281324505806, 0.0976562649011612, 0.1953125298023224, 0.3906250596046448, 0.0369601771235466, 0.0739203542470932, 0.1478407084941864, 0.2956814169883728, 0.5913628339767456, 1.1827256679534912, 2.3654513359069824, 4.730902671813965, 0.0030517568811774254, 0.006103513762354851, 0.012207027524709702, 0.024414055049419403, 0.048828110098838806, 0.09765622019767761, 0.19531244039535522, 0.39062488079071045, 0.003051759209483862, 0.006103518418967724, 0.012207036837935448, 0.024414073675870895, 0.04882814735174179, 0.09765629470348358, 0.19531258940696716, 0.3906251788139343, 0.0369601771235466, 0.0739203542470932, 0.1478407084941864, 0.2956814169883728, 0.5913628339767456, 1.1827256679534912, 2.3654513359069824, 4.730902671813965, 0.003051759209483862, 0.006103518418967724, 0.012207036837935448, 0.024414073675870895, 0.04882814735174179, 0.09765629470348358, 0.19531258940696716, 0.3906251788139343, 0.0030517578125, 0.006103515625, 0.01220703125, 0.0244140625, 0.048828125, 0.09765625, 0.1953125, 0.390625, 0.0030517575796693563, 0.006103515159338713, 0.012207030318677425, 0.02441406063735485, 0.0488281212747097, 0.0976562425494194, 0.1953124850988388, 0.3906249701976776, 0.0030517589766532183, 0.0061035179533064365, 0.012207035906612873, 0.024414071813225746, 0.04882814362645149, 0.09765628725290298, 0.19531257450580597, 0.39062514901161194, 0.01017252542078495, 0.0203450508415699, 0.0406901016831398, 0.0813802033662796, 0.1627604067325592, 0.3255208134651184, 0.6510416269302368, 1.3020832538604736, 0.0, 0.0, 0.0, 0.0, 0.0, 0.0, 0.0, 0.0, 0.0, 0.0, 0.0, 0.0, 0.0, 0.0, 0.0, 0.0], [0.0739203542470932, 0.1478407084941864, 0.2956814169883728, -6.3208909034729, 1.1827256679534912, 2.3654513359069824, 4.730902671813965, 9.46180534362793, 0.0739203542470932, 0.1478407084941864, 0.2956814169883728, 0.5913628339767456, 1.1827256679534912, 2.3654513359069824, 4.730902671813965, 9.46180534362793, 0.006103516556322575, 0.01220703311264515, 0.0244140662252903, 0.0488281324505806, 0.0976562649011612, 0.1953125298023224, 0.3906250596046448, 0.7812501192092896, 0.0739203542470932, 0.1478407084941864, 0.2956814169883728, 0.5913628339767456, 1.1827256679534912, 2.3654513359069824, 4.730902671813965, 9.46180534362793, 0.006103513762354851, 0.012207027524709702, 0.024414055049419403, 0.048828110098838806, 0.09765622019767761, 0.19531244039535522, 0.39062488079071045, 0.7812497615814209, 0.006103518418967724, 0.012207036837935448, 0.024414073675870895, 0.04882814735174179, 0.09765629470348358, 0.19531258940696716, 0.3906251788139343, 0.7812503576278687, 0.0739203542470932, 0.1478407084941864, 0.2956814169883728, 0.5913628339767456, 1.1827256679534912, 2.3654513359069824, 4.730902671813965, 9.46180534362793, 0.006103518418967724, 0.012207036837935448, 0.024414073675870895, 0.04882814735174179, 0.09765629470348358, 0.19531258940696716, 0.3906251788139343, 0.7812503576278687, 0.006103515625, 0.01220703125, 0.0244140625, 0.048828125, 0.09765625, 0.1953125, 0.390625, 0.78125, 0.006103515159338713, 0.012207030318677425, 0.02441406063735485, 0.0488281212747097, 0.0976562425494194, 0.1953124850988388, 0.3906249701976776, 0.7812499403953552, 0.0061035179533064365, 0.012207035906612873, 0.024414071813225746, 0.04882814362645149, 0.09765628725290298, 0.19531257450580597, 0.39062514901161194, 0.7812502980232239, 0.0203450508415699, 0.0406901016831398, 0.0813802033662796, 0.1627604067325592, 0.3255208134651184, 0.6510416269302368, 1.3020832538604736, 2.6041665077209473, 0.0, 0.0, 0.0, 0.0, 0.0, 0.0, 0.0, 0.0, 0.0, 0.0, 0.0, 0.0, 0.0, 0.0, 0.0, 0.0], [0.1478407084941864, 0.2956814169883728, 0.5913628339767456, 1.1827256679534912, -11.459056854248047, 4.730902671813965, 9.46180534362793, 18.92361068725586, 0.1478407084941864, 0.2956814169883728, 0.5913628339767456, 1.1827256679534912, 2.3654513359069824, 4.730902671813965, 9.46180534362793, 18.92361068725586, 0.01220703311264515, 0.0244140662252903, 0.0488281324505806, 0.0976562649011612, 0.1953125298023224, 0.3906250596046448, 0.7812501192092896, 1.562500238418579, 0.1478407084941864, 0.2956814169883728, 0.5913628339767456, 1.1827256679534912, 2.3654513359069824, 4.730902671813965, 9.46180534362793, 18.92361068725586, 0.012207027524709702, 0.024414055049419403, 0.048828110098838806, 0.09765622019767761, 0.19531244039535522, 0.39062488079071045, 0.7812497615814209, 1.5624995231628418, 0.012207036837935448, 0.024414073675870895, 0.04882814735174179, 0.09765629470348358, 0.19531258940696716, 0.3906251788139343, 0.7812503576278687, 1.5625007152557373, 0.1478407084941864, 0.2956814169883728, 0.5913628339767456, 1.1827256679534912, 2.3654513359069824, 4.730902671813965, 9.46180534362793, 18.92361068725586, 0.012207036837935448, 0.024414073675870895, 0.04882814735174179, 0.09765629470348358, 0.19531258940696716, 0.3906251788139343, 0.7812503576278687, 1.5625007152557373, 0.01220703125, 0.0244140625, 0.048828125, 0.09765625, 0.1953125, 0.390625, 0.78125, 1.5625, 0.012207030318677425, 0.02441406063735485, 0.0488281212747097, 0.0976562425494194, 0.1953124850988388, 0.3906249701976776, 0.7812499403953552, 1.5624998807907104, 0.012207035906612873, 0.024414071813225746, 0.04882814362645149, 0.09765628725290298, 0.19531257450580597, 0.39062514901161194, 0.7812502980232239, 1.5625005960464478, 0.0406901016831398, 0.0813802033662796, 0.1627604067325592, 0.3255208134651184, 0.6510416269302368, 1.3020832538604736, 2.6041665077209473, 5.2083330154418945, 0.0, 0.0, 0.0, 0.0, 0.0, 0.0, 0.0, 0.0, 0.0, 0.0, 0.0, 0.0, 0.0, 0.0, 0.0, 0.0], [0.2956814169883728, 0.5913628339767456, 1.1827256679534912, 2.3654513359069824, 4.730902671813965, -18.187210083007812, 18.92361068725586, 37.84722137451172, 0.2956814169883728, 0.5913628339767456, 1.1827256679534912, 2.3654513359069824, 4.730902671813965, 9.46180534362793, 18.92361068725586, 37.84722137451172, 0.0244140662252903, 0.0488281324505806, 0.0976562649011612, 0.1953125298023224, 0.3906250596046448, 0.7812501192092896, 1.562500238418579, 3.125000476837158, 0.2956814169883728, 0.5913628339767456, 1.1827256679534912, 2.3654513359069824, 4.730902671813965, 9.46180534362793, 18.92361068725586, 37.84722137451172, 0.024414055049419403, 0.048828110098838806, 0.09765622019767761, 0.19531244039535522, 0.39062488079071045, 0.7812497615814209, 1.5624995231628418, 3.1249990463256836, 0.024414073675870895, 0.04882814735174179, 0.09765629470348358, 0.19531258940696716, 0.3906251788139343, 0.7812503576278687, 1.5625007152557373, 3.1250014305114746, 0.2956814169883728, 0.5913628339767456, 1.1827256679534912, 2.3654513359069824, 4.730902671813965, 9.46180534362793, 18.92361068725586, 37.84722137451172, 0.024414073675870895, 0.04882814735174179, 0.09765629470348358, 0.19531258940696716, 0.3906251788139343, 0.7812503576278687, 1.5625007152557373, 3.1250014305114746, 0.0244140625, 0.048828125, 0.09765625, 0.1953125, 0.390625, 0.78125, 1.5625, 3.125, 0.02441406063735485, 0.0488281212747097, 0.0976562425494194, 0.1953124850988388, 0.3906249701976776, 0.7812499403953552, 1.5624998807907104, 3.124999761581421, 0.024414071813225746, 0.04882814362645149, 0.09765628725290298, 0.19531257450580597, 0.39062514901161194, 0.7812502980232239, 1.5625005960464478, 3.1250011920928955, 0.0813802033662796, 0.1627604067325592, 0.3255208134651184, 0.6510416269302368, 1.3020832538604736, 2.6041665077209473, 5.2083330154418945, 10.416666030883789, 0.0, 0.0, 0.0, 0.0, 0.0, 0.0, 0.0, 0.0, 0.0, 0.0, 0.0, 0.0, 0.0, 0.0, 0.0, 0.0], [0.5913628339767456, 1.1827256679534912, 2.3654513359069824, 4.730902671813965, 9.46180534362793, 18.92361068725586, -17.450807571411133, 75.69444274902344, 0.5913628339767456, 1.1827256679534912, 2.3654513359069824, 4.730902671813965, 9.46180534362793, 18.92361068725586, 37.84722137451172, 75.69444274902344, 0.0488281324505806, 0.0976562649011612, 0.1953125298023224, 0.3906250596046448, 0.7812501192092896, 1.562500238418579, 3.125000476837158, 6.250000953674316, 0.5913628339767456, 1.1827256679534912, 2.3654513359069824, 4.730902671813965, 9.46180534362793, 18.92361068725586, 37.84722137451172, 75.69444274902344, 0.048828110098838806, 0.09765622019767761, 0.19531244039535522, 0.39062488079071045, 0.7812497615814209, 1.5624995231628418, 3.1249990463256836, 6.249998092651367, 0.04882814735174179, 0.09765629470348358, 0.19531258940696716, 0.3906251788139343, 0.7812503576278687, 1.5625007152557373, 3.1250014305114746, 6.250002861022949, 0.5913628339767456, 1.1827256679534912, 2.3654513359069824, 4.730902671813965, 9.46180534362793, 18.92361068725586, 37.84722137451172, 75.69444274902344, 0.04882814735174179, 0.09765629470348358, 0.19531258940696716, 0.3906251788139343, 0.7812503576278687, 1.5625007152557373, 3.1250014305114746, 6.250002861022949, 0.048828125, 0.09765625, 0.1953125, 0.390625, 0.78125, 1.5625, 3.125, 6.25, 0.0488281212747097, 0.0976562425494194, 0.1953124850988388, 0.3906249701976776, 0.7812499403953552, 1.5624998807907104, 3.124999761581421, 6.249999523162842, 0.04882814362645149, 0.09765628725290298, 0.19531257450580597, 0.39062514901161194, 0.7812502980232239, 1.5625005960464478, 3.1250011920928955, 6.250002384185791, 0.1627604067325592, 0.3255208134651184, 0.6510416269302368, 1.3020832538604736, 2.6041665077209473, 5.2083330154418945, 10.416666030883789, 20.833332061767578, 0.0, 0.0, 0.0, 0.0, 0.0, 0.0, 0.0, 0.0, 0.0, 0.0, 0.0, 0.0, 0.0, 0.0, 0.0, 0.0], [1.1827256679534912, 2.3654513359069824, 4.730902671813965, 9.46180534362793, 18.92361068725586, 37.84722137451172, 75.69444274902344, 40.79283142089844, 1.1827256679534912, 2.3654513359069824, 4.730902671813965, 9.46180534362793, 18.92361068725586, 37.84722137451172, 75.69444274902344, 151.38888549804688, 0.0976562649011612, 0.1953125298023224, 0.3906250596046448, 0.7812501192092896, 1.562500238418579, 3.125000476837158, 6.250000953674316, 12.500001907348633, 1.1827256679534912, 2.3654513359069824, 4.730902671813965, 9.46180534362793, 18.92361068725586, 37.84722137451172, 75.69444274902344, 151.38888549804688, 0.09765622019767761, 0.19531244039535522, 0.39062488079071045, 0.7812497615814209, 1.5624995231628418, 3.1249990463256836, 6.249998092651367, 12.499996185302734, 0.09765629470348358, 0.19531258940696716, 0.3906251788139343, 0.7812503576278687, 1.5625007152557373, 3.1250014305114746, 6.250002861022949, 12.500005722045898, 1.1827256679534912, 2.3654513359069824, 4.730902671813965, 9.46180534362793, 18.92361068725586, 37.84722137451172, 75.69444274902344, 151.38888549804688, 0.09765629470348358, 0.19531258940696716, 0.3906251788139343, 0.7812503576278687, 1.5625007152557373, 3.1250014305114746, 6.250002861022949, 12.500005722045898, 0.09765625, 0.1953125, 0.390625, 0.78125, 1.5625, 3.125, 6.25, 12.5, 0.0976562425494194, 0.1953124850988388, 0.3906249701976776, 0.7812499403953552, 1.5624998807907104, 3.124999761581421, 6.249999523162842, 12.499999046325684, 0.09765628725290298, 0.19531257450580597, 0.39062514901161194, 0.7812502980232239, 1.5625005960464478, 3.1250011920928955, 6.250002384185791, 12.500004768371582, 0.3255208134651184, 0.6510416269302368, 1.3020832538604736, 2.6041665077209473, 5.2083330154418945, 10.416666030883789, 20.833332061767578, 41.666664123535156, 0.0, 0.0, 0.0, 0.0, 0.0, 0.0, 0.0, 0.0, 0.0, 0.0, 0.0, 0.0, 0.0, 0.0, 0.0, 0.0], [0.00924004428088665, 0.0184800885617733, 0.0369601771235466, 0.0739203542470932, 0.1478407084941864, 0.2956814169883728, 0.5913628339767456, 1.1827256679534912, -0.8548033833503723, 0.018480103462934494, 0.03696020692586899, 0.07392041385173798, 0.14784082770347595, 0.2956816554069519, 0.5913633108139038, 1.1827266216278076, 0.0007629384053871036, 0.0015258768107742071, 0.0030517536215484142, 0.0061035072430968285, 0.012207014486193657, 0.024414028972387314, 0.04882805794477463, 0.09765611588954926, 0.0092400461435318, 0.0184800922870636, 0.0369601845741272, 0.0739203691482544, 0.1478407382965088, 0.2956814765930176, 0.5913629531860352, 1.1827259063720703, 0.0007629482424817979, 0.0015258964849635959, 0.0030517929699271917, 0.0061035859398543835, 0.012207171879708767, 0.024414343759417534, 0.04882868751883507, 0.09765737503767014, 0.0007629366591572762, 0.0015258733183145523, 0.0030517466366291046, 0.006103493273258209, 0.012206986546516418, 0.024413973093032837, 0.048827946186065674, 0.09765589237213135, 0.00924004428088665, 0.0184800885617733, 0.0369601771235466, 0.0739203542470932, 0.1478407084941864, 0.2956814169883728, 0.5913628339767456, 1.1827256679534912, 0.0007629357278347015, 0.001525871455669403, 0.003051742911338806, 0.006103485822677612, 0.012206971645355225, 0.02441394329071045, 0.0488278865814209, 0.0976557731628418, 0.0007629403844475746, 0.0015258807688951492, 0.0030517615377902985, 0.006103523075580597, 0.012207046151161194, 0.024414092302322388, 0.048828184604644775, 0.09765636920928955, 0.0007629444589838386, 0.0015258889179676771, 0.0030517778359353542, 0.0061035556718707085, 0.012207111343741417, 0.024414222687482834, 0.04882844537496567, 0.09765689074993134, 0.0007629366591572762, 0.0015258733183145523, 0.0030517466366291046, 0.006103493273258209, 0.012206986546516418, 0.024413973093032837, 0.048827946186065674, 0.09765589237213135, 0.0025431313551962376, 0.005086262710392475, 0.01017252542078495, 0.0203450508415699, 0.0406901016831398, 0.0813802033662796, 0.1627604067325592, 0.3255208134651184, 0.0, 0.0, 0.0, 0.0, 0.0, 0.0, 0.0, 0.0, 0.0, 0.0, 0.0, 0.0, 0.0, 0.0, 0.0, 0.0], [0.0184800885617733, 0.0369601771235466, 0.0739203542470932, 0.1478407084941864, 0.2956814169883728, 0.5913628339767456, 1.1827256679534912, 2.3654513359069824, 0.018480103462934494, -1.6911267042160034, 0.07392041385173798, 0.14784082770347595, 0.2956816554069519, 0.5913633108139038, 1.1827266216278076, 2.3654532432556152, 0.0015258768107742071, 0.0030517536215484142, 0.0061035072430968285, 0.012207014486193657, 0.024414028972387314, 0.04882805794477463, 0.09765611588954926, 0.1953122317790985, 0.0184800922870636, 0.0369601845741272, 0.0739203691482544, 0.1478407382965088, 0.2956814765930176, 0.5913629531860352, 1.1827259063720703, 2.3654518127441406, 0.0015258964849635959, 0.0030517929699271917, 0.0061035859398543835, 0.012207171879708767, 0.024414343759417534, 0.04882868751883507, 0.09765737503767014, 0.19531475007534027, 0.0015258733183145523, 0.0030517466366291046, 0.006103493273258209, 0.012206986546516418, 0.024413973093032837, 0.048827946186065674, 0.09765589237213135, 0.1953117847442627, 0.0184800885617733, 0.0369601771235466, 0.0739203542470932, 0.1478407084941864, 0.2956814169883728, 0.5913628339767456, 1.1827256679534912, 2.3654513359069824, 0.001525871455669403, 0.003051742911338806, 0.006103485822677612, 0.012206971645355225, 0.02441394329071045, 0.0488278865814209, 0.0976557731628418, 0.1953115463256836, 0.0015258807688951492, 0.0030517615377902985, 0.006103523075580597, 0.012207046151161194, 0.024414092302322388, 0.048828184604644775, 0.09765636920928955, 0.1953127384185791, 0.0015258889179676771, 0.0030517778359353542, 0.0061035556718707085, 0.012207111343741417, 0.024414222687482834, 0.04882844537496567, 0.09765689074993134, 0.19531378149986267, 0.0015258733183145523, 0.0030517466366291046, 0.006103493273258209, 0.012206986546516418, 0.024413973093032837, 0.048827946186065674, 0.09765589237213135, 0.1953117847442627, 0.005086262710392475, 0.01017252542078495, 0.0203450508415699, 0.0406901016831398, 0.0813802033662796, 0.1627604067325592, 0.3255208134651184, 0.6510416269302368, 0.0, 0.0, 0.0, 0.0, 0.0, 0.0, 0.0, 0.0, 0.0, 0.0, 0.0, 0.0, 0.0, 0.0, 0.0, 0.0], [0.0369601771235466, 0.0739203542470932, 0.1478407084941864, 0.2956814169883728, 0.5913628339767456, 1.1827256679534912, 2.3654513359069824, 4.730902671813965, 0.03696020692586899, 0.07392041385173798, -3.308332920074463, 0.2956816554069519, 0.5913633108139038, 1.1827266216278076, 2.3654532432556152, 4.7309064865112305, 0.0030517536215484142, 0.0061035072430968285, 0.012207014486193657, 0.024414028972387314, 0.04882805794477463, 0.09765611588954926, 0.1953122317790985, 0.390624463558197, 0.0369601845741272, 0.0739203691482544, 0.1478407382965088, 0.2956814765930176, 0.5913629531860352, 1.1827259063720703, 2.3654518127441406, 4.730903625488281, 0.0030517929699271917, 0.0061035859398543835, 0.012207171879708767, 0.024414343759417534, 0.04882868751883507, 0.09765737503767014, 0.19531475007534027, 0.39062950015068054, 0.0030517466366291046, 0.006103493273258209, 0.012206986546516418, 0.024413973093032837, 0.048827946186065674, 0.09765589237213135, 0.1953117847442627, 0.3906235694885254, 0.0369601771235466, 0.0739203542470932, 0.1478407084941864, 0.2956814169883728, 0.5913628339767456, 1.1827256679534912, 2.3654513359069824, 4.730902671813965, 0.003051742911338806, 0.006103485822677612, 0.012206971645355225, 0.02441394329071045, 0.0488278865814209, 0.0976557731628418, 0.1953115463256836, 0.3906230926513672, 0.0030517615377902985, 0.006103523075580597, 0.012207046151161194, 0.024414092302322388, 0.048828184604644775, 0.09765636920928955, 0.1953127384185791, 0.3906254768371582, 0.0030517778359353542, 0.0061035556718707085, 0.012207111343741417, 0.024414222687482834, 0.04882844537496567, 0.09765689074993134, 0.19531378149986267, 0.39062756299972534, 0.0030517466366291046, 0.006103493273258209, 0.012206986546516418, 0.024413973093032837, 0.048827946186065674, 0.09765589237213135, 0.1953117847442627, 0.3906235694885254, 0.01017252542078495, 0.0203450508415699, 0.0406901016831398, 0.0813802033662796, 0.1627604067325592, 0.3255208134651184, 0.6510416269302368, 1.3020832538604736, 0.0, 0.0, 0.0, 0.0, 0.0, 0.0, 0.0, 0.0, 0.0, 0.0, 0.0, 0.0, 0.0, 0.0, 0.0, 0.0], [0.0739203542470932, 0.1478407084941864, 0.2956814169883728, 0.5913628339767456, 1.1827256679534912, 2.3654513359069824, 4.730902671813965, 9.46180534362793, 0.07392041385173798, 0.14784082770347595, 0.2956816554069519, -6.32098388671875, 1.1827266216278076, 2.3654532432556152, 4.7309064865112305, 9.461812973022461, 0.0061035072430968285, 0.012207014486193657, 0.024414028972387314, 0.04882805794477463, 0.09765611588954926, 0.1953122317790985, 0.390624463558197, 0.781248927116394, 0.0739203691482544, 0.1478407382965088, 0.2956814765930176, 0.5913629531860352, 1.1827259063720703, 2.3654518127441406, 4.730903625488281, 9.461807250976562, 0.0061035859398543835, 0.012207171879708767, 0.024414343759417534, 0.04882868751883507, 0.09765737503767014, 0.19531475007534027, 0.39062950015068054, 0.7812590003013611, 0.006103493273258209, 0.012206986546516418, 0.024413973093032837, 0.048827946186065674, 0.09765589237213135, 0.1953117847442627, 0.3906235694885254, 0.7812471389770508, 0.0739203542470932, 0.1478407084941864, 0.2956814169883728, 0.5913628339767456, 1.1827256679534912, 2.3654513359069824, 4.730902671813965, 9.46180534362793, 0.006103485822677612, 0.012206971645355225, 0.02441394329071045, 0.0488278865814209, 0.0976557731628418, 0.1953115463256836, 0.3906230926513672, 0.7812461853027344, 0.006103523075580597, 0.012207046151161194, 0.024414092302322388, 0.048828184604644775, 0.09765636920928955, 0.1953127384185791, 0.3906254768371582, 0.7812509536743164, 0.0061035556718707085, 0.012207111343741417, 0.024414222687482834, 0.04882844537496567, 0.09765689074993134, 0.19531378149986267, 0.39062756299972534, 0.7812551259994507, 0.006103493273258209, 0.012206986546516418, 0.024413973093032837, 0.048827946186065674, 0.09765589237213135, 0.1953117847442627, 0.3906235694885254, 0.7812471389770508, 0.0203450508415699, 0.0406901016831398, 0.0813802033662796, 0.1627604067325592, 0.3255208134651184, 0.6510416269302368, 1.3020832538604736, 2.6041665077209473, 0.0, 0.0, 0.0, 0.0, 0.0, 0.0, 0.0, 0.0, 0.0, 0.0, 0.0, 0.0, 0.0, 0.0, 0.0, 0.0], [0.1478407084941864, 0.2956814169883728, 0.5913628339767456, 1.1827256679534912, 2.3654513359069824, 4.730902671813965, 9.46180534362793, 18.92361068725586, 0.14784082770347595, 0.2956816554069519, 0.5913633108139038, 1.1827266216278076, -11.45924186706543, 4.7309064865112305, 9.461812973022461, 18.923625946044922, 0.012207014486193657, 0.024414028972387314, 0.04882805794477463, 0.09765611588954926, 0.1953122317790985, 0.390624463558197, 0.781248927116394, 1.562497854232788, 0.1478407382965088, 0.2956814765930176, 0.5913629531860352, 1.1827259063720703, 2.3654518127441406, 4.730903625488281, 9.461807250976562, 18.923614501953125, 0.012207171879708767, 0.024414343759417534, 0.04882868751883507, 0.09765737503767014, 0.19531475007534027, 0.39062950015068054, 0.7812590003013611, 1.5625180006027222, 0.012206986546516418, 0.024413973093032837, 0.048827946186065674, 0.09765589237213135, 0.1953117847442627, 0.3906235694885254, 0.7812471389770508, 1.5624942779541016, 0.1478407084941864, 0.2956814169883728, 0.5913628339767456, 1.1827256679534912, 2.3654513359069824, 4.730902671813965, 9.46180534362793, 18.92361068725586, 0.012206971645355225, 0.02441394329071045, 0.0488278865814209, 0.0976557731628418, 0.1953115463256836, 0.3906230926513672, 0.7812461853027344, 1.5624923706054688, 0.012207046151161194, 0.024414092302322388, 0.048828184604644775, 0.09765636920928955, 0.1953127384185791, 0.3906254768371582, 0.7812509536743164, 1.5625019073486328, 0.012207111343741417, 0.024414222687482834, 0.04882844537496567, 0.09765689074993134, 0.19531378149986267, 0.39062756299972534, 0.7812551259994507, 1.5625102519989014, 0.012206986546516418, 0.024413973093032837, 0.048827946186065674, 0.09765589237213135, 0.1953117847442627, 0.3906235694885254, 0.7812471389770508, 1.5624942779541016, 0.0406901016831398, 0.0813802033662796, 0.1627604067325592, 0.3255208134651184, 0.6510416269302368, 1.3020832538604736, 2.6041665077209473, 5.2083330154418945, 0.0, 0.0, 0.0, 0.0, 0.0, 0.0, 0.0, 0.0, 0.0, 0.0, 0.0, 0.0, 0.0, 0.0, 0.0, 0.0], [0.2956814169883728, 0.5913628339767456, 1.1827256679534912, 2.3654513359069824, 4.730902671813965, 9.46180534362793, 18.92361068725586, 37.84722137451172, 0.2956816554069519, 0.5913633108139038, 1.1827266216278076, 2.3654532432556152, 4.7309064865112305, -18.187576293945312, 18.923625946044922, 37.847251892089844, 0.024414028972387314, 0.04882805794477463, 0.09765611588954926, 0.1953122317790985, 0.390624463558197, 0.781248927116394, 1.562497854232788, 3.124995708465576, 0.2956814765930176, 0.5913629531860352, 1.1827259063720703, 2.3654518127441406, 4.730903625488281, 9.461807250976562, 18.923614501953125, 37.84722900390625, 0.024414343759417534, 0.04882868751883507, 0.09765737503767014, 0.19531475007534027, 0.39062950015068054, 0.7812590003013611, 1.5625180006027222, 3.1250360012054443, 0.024413973093032837, 0.048827946186065674, 0.09765589237213135, 0.1953117847442627, 0.3906235694885254, 0.7812471389770508, 1.5624942779541016, 3.124988555908203, 0.2956814169883728, 0.5913628339767456, 1.1827256679534912, 2.3654513359069824, 4.730902671813965, 9.46180534362793, 18.92361068725586, 37.84722137451172, 0.02441394329071045, 0.0488278865814209, 0.0976557731628418, 0.1953115463256836, 0.3906230926513672, 0.7812461853027344, 1.5624923706054688, 3.1249847412109375, 0.024414092302322388, 0.048828184604644775, 0.09765636920928955, 0.1953127384185791, 0.3906254768371582, 0.7812509536743164, 1.5625019073486328, 3.1250038146972656, 0.024414222687482834, 0.04882844537496567, 0.09765689074993134, 0.19531378149986267, 0.39062756299972534, 0.7812551259994507, 1.5625102519989014, 3.1250205039978027, 0.024413973093032837, 0.048827946186065674, 0.09765589237213135, 0.1953117847442627, 0.3906235694885254, 0.7812471389770508, 1.5624942779541016, 3.124988555908203, 0.0813802033662796, 0.1627604067325592, 0.3255208134651184, 0.6510416269302368, 1.3020832538604736, 2.6041665077209473, 5.2083330154418945, 10.416666030883789, 0.0, 0.0, 0.0, 0.0, 0.0, 0.0, 0.0, 0.0, 0.0, 0.0, 0.0, 0.0, 0.0, 0.0, 0.0, 0.0], [0.5913628339767456, 1.1827256679534912, 2.3654513359069824, 4.730902671813965, 9.46180534362793, 18.92361068725586, 37.84722137451172, 75.69444274902344, 0.5913633108139038, 1.1827266216278076, 2.3654532432556152, 4.7309064865112305, 9.461812973022461, 18.923625946044922, -17.451528549194336, 75.69450378417969, 0.04882805794477463, 0.09765611588954926, 0.1953122317790985, 0.390624463558197, 0.781248927116394, 1.562497854232788, 3.124995708465576, 6.249991416931152, 0.5913629531860352, 1.1827259063720703, 2.3654518127441406, 4.730903625488281, 9.461807250976562, 18.923614501953125, 37.84722900390625, 75.6944580078125, 0.04882868751883507, 0.09765737503767014, 0.19531475007534027, 0.39062950015068054, 0.7812590003013611, 1.5625180006027222, 3.1250360012054443, 6.250072002410889, 0.048827946186065674, 0.09765589237213135, 0.1953117847442627, 0.3906235694885254, 0.7812471389770508, 1.5624942779541016, 3.124988555908203, 6.249977111816406, 0.5913628339767456, 1.1827256679534912, 2.3654513359069824, 4.730902671813965, 9.46180534362793, 18.92361068725586, 37.84722137451172, 75.69444274902344, 0.0488278865814209, 0.0976557731628418, 0.1953115463256836, 0.3906230926513672, 0.7812461853027344, 1.5624923706054688, 3.1249847412109375, 6.249969482421875, 0.048828184604644775, 0.09765636920928955, 0.1953127384185791, 0.3906254768371582, 0.7812509536743164, 1.5625019073486328, 3.1250038146972656, 6.250007629394531, 0.04882844537496567, 0.09765689074993134, 0.19531378149986267, 0.39062756299972534, 0.7812551259994507, 1.5625102519989014, 3.1250205039978027, 6.2500410079956055, 0.048827946186065674, 0.09765589237213135, 0.1953117847442627, 0.3906235694885254, 0.7812471389770508, 1.5624942779541016, 3.124988555908203, 6.249977111816406, 0.1627604067325592, 0.3255208134651184, 0.6510416269302368, 1.3020832538604736, 2.6041665077209473, 5.2083330154418945, 10.416666030883789, 20.833332061767578, 0.0, 0.0, 0.0, 0.0, 0.0, 0.0, 0.0, 0.0, 0.0, 0.0, 0.0, 0.0, 0.0, 0.0, 0.0, 0.0], [1.1827256679534912, 2.3654513359069824, 4.730902671813965, 9.46180534362793, 18.92361068725586, 37.84722137451172, 75.69444274902344, 151.38888549804688, 1.1827266216278076, 2.3654532432556152, 4.7309064865112305, 9.461812973022461, 18.923625946044922, 37.847251892089844, 75.69450378417969, 40.79145050048828, 0.09765611588954926, 0.1953122317790985, 0.390624463558197, 0.781248927116394, 1.562497854232788, 3.124995708465576, 6.249991416931152, 12.499982833862305, 1.1827259063720703, 2.3654518127441406, 4.730903625488281, 9.461807250976562, 18.923614501953125, 37.84722900390625, 75.6944580078125, 151.388916015625, 0.09765737503767014, 0.19531475007534027, 0.39062950015068054, 0.7812590003013611, 1.5625180006027222, 3.1250360012054443, 6.250072002410889, 12.500144004821777, 0.09765589237213135, 0.1953117847442627, 0.3906235694885254, 0.7812471389770508, 1.5624942779541016, 3.124988555908203, 6.249977111816406, 12.499954223632812, 1.1827256679534912, 2.3654513359069824, 4.730902671813965, 9.46180534362793, 18.92361068725586, 37.84722137451172, 75.69444274902344, 151.38888549804688, 0.0976557731628418, 0.1953115463256836, 0.3906230926513672, 0.7812461853027344, 1.5624923706054688, 3.1249847412109375, 6.249969482421875, 12.49993896484375, 0.09765636920928955, 0.1953127384185791, 0.3906254768371582, 0.7812509536743164, 1.5625019073486328, 3.1250038146972656, 6.250007629394531, 12.500015258789062, 0.09765689074993134, 0.19531378149986267, 0.39062756299972534, 0.7812551259994507, 1.5625102519989014, 3.1250205039978027, 6.2500410079956055, 12.500082015991211, 0.09765589237213135, 0.1953117847442627, 0.3906235694885254, 0.7812471389770508, 1.5624942779541016, 3.124988555908203, 6.249977111816406, 12.499954223632812, 0.3255208134651184, 0.6510416269302368, 1.3020832538604736, 2.6041665077209473, 5.2083330154418945, 10.416666030883789, 20.833332061767578, 41.666664123535156, 0.0, 0.0, 0.0, 0.0, 0.0, 0.0, 0.0, 0.0, 0.0, 0.0, 0.0, 0.0, 0.0, 0.0, 0.0, 0.0], [0.0007629395695403218, 0.0015258791390806437, 0.0030517582781612873, 0.006103516556322575, 0.01220703311264515, 0.0244140662252903, 0.0488281324505806, 0.0976562649011612, 0.0007629384053871036, 0.0015258768107742071, 0.0030517536215484142, 0.0061035072430968285, 0.012207014486193657, 0.024414028972387314, 0.04882805794477463, 0.09765611588954926, -0.38983863592147827, 0.001525880885310471, 0.003051761770620942, 0.006103523541241884, 0.012207047082483768, 0.024414094164967537, 0.048828188329935074, 0.09765637665987015, 0.0007629391620866954, 0.0015258783241733909, 0.0030517566483467817, 0.0061035132966935635, 0.012207026593387127, 0.024414053186774254, 0.04882810637354851, 0.09765621274709702, 0.0007629385218024254, 0.0015258770436048508, 0.0030517540872097015, 0.006103508174419403, 0.012207016348838806, 0.024414032697677612, 0.048828065395355225, 0.09765613079071045, 0.000762942130677402, 0.001525884261354804, 0.003051768522709608, 0.006103537045419216, 0.012207074090838432, 0.024414148181676865, 0.04882829636335373, 0.09765659272670746, 0.0007629398605786264, 0.0015258797211572528, 0.0030517594423145056, 0.006103518884629011, 0.012207037769258022, 0.024414075538516045, 0.04882815107703209, 0.09765630215406418, 0.0007629435276612639, 0.0015258870553225279, 0.0030517741106450558, 0.0061035482212901115, 0.012207096442580223, 0.024414192885160446, 0.04882838577032089, 0.09765677154064178, 0.0007629393367096782, 0.0015258786734193563, 0.0030517573468387127, 0.006103514693677425, 0.01220702938735485, 0.0244140587747097, 0.0488281175494194, 0.0976562350988388, 0.000762938754633069, 0.001525877509266138, 0.003051755018532276, 0.006103510037064552, 0.012207020074129105, 0.02441404014825821, 0.04882808029651642, 0.09765616059303284, 0.0007629421888850629, 0.0015258843777701259, 0.0030517687555402517, 0.0061035375110805035, 0.012207075022161007, 0.024414150044322014, 0.04882830008864403, 0.09765660017728806, 0.0, 0.0, 0.0, 0.0, 0.0, 0.0, 0.0, 0.0, 0.0, 0.0, 0.0, 0.0, 0.0, 0.0, 0.0, 0.0, 0.0, 0.0, 0.0, 0.0, 0.0, 0.0, 0.0, 0.0], [0.0015258791390806437, 0.0030517582781612873, 0.006103516556322575, 0.01220703311264515, 0.0244140662252903, 0.0488281324505806, 0.0976562649011612, 0.1953125298023224, 0.0015258768107742071, 0.0030517536215484142, 0.0061035072430968285, 0.012207014486193657, 0.024414028972387314, 0.04882805794477463, 0.09765611588954926, 0.1953122317790985, 0.001525880885310471, -0.7781513929367065, 0.006103523541241884, 0.012207047082483768, 0.024414094164967537, 0.048828188329935074, 0.09765637665987015, 0.1953127533197403, 0.0015258783241733909, 0.0030517566483467817, 0.0061035132966935635, 0.012207026593387127, 0.024414053186774254, 0.04882810637354851, 0.09765621274709702, 0.19531242549419403, 0.0015258770436048508, 0.0030517540872097015,