{"size": [64, 64], "args": [["A04.csv", "A05.csv", "A06.csv", "A07.csv", "A22.csv"], 0.2, 0.4, 0.4, 0.1, 7, [64, 32, 16], [[100.0, 100.0, 100.0, 100.0], [10.0, 10.0, 10.0, 10.0], [50.0, 50.0, 50.0, 50.0], [200.0, 200.0, 200.0, 200.0]]], "c": [50.0, 50.0, 50.0, 50.0], "tag": "r3-4-5-6-21-0.2-0.4-0.4-0.1-7-50.0-50.0-50.0-50.0-64x64", "data:": {"q": {"x1": [0.0], "x2": [0.0], "x3": [0.234375], "x4": [0.234375], "x5": [0.0625]}, "program": "minimize(list(x1,x2,x3,x4,x5),((2.65439652e-05*x1*x1)+(-3.405669741293061e-05*x1*x2)+(-9.083916269246436e-06*x1*x3)+(4.656196699000513e-06*x1*x4)+(-8.615382550664633e-07*x1*x5)+(-3.405669741293061e-05*x2*x1)+(0.0001038085885*x2*x2)+(1.744292639127286e-05*x2*x3)+(6.361017545013345e-05*x2*x4)+(-3.621605967347192e-06*x2*x5)+(-9.083916269246436e-06*x3*x1)+(1.744292639127286e-05*x3*x2)+(4.97816213e-06*x3*x3)+(-4.6915687433500846e-07*x3*x4)+(1.5614702905659364e-06*x3*x5)+(4.656196699000513e-06*x4*x1)+(6.361017545013345e-05*x4*x2)+(-4.6915687433500846e-07*x4*x3)+(0.0001050570035*x4*x4)+(-1.2939135547254911e-05*x4*x5)+(-8.615382550664633e-07*x5*x1)+(-3.621605967347192e-06*x5*x2)+(1.5614702905659364e-06*x5*x3)+(-1.2939135547254911e-05*x5*x4)+(2.65894021e-06*x5*x5)-((-0.01*x1)+(-0.01*x2)+(-0.005*x3)+(-0.0075*x4)+(-0.02*x5))))\n & label('total', x1+x2+x3+x4+x5==1.0) & \nlabel('eqlimit', (0.0*x1)+(0.0*x2)+(0.0*x3)+(0.0*x4)+(5.0*x5)<1.0) & \nlabel('filimit', (0.0*x1)+(2.5*x2)+(2.5*x3)+(0.0*x4)+(0.0*x5)<1.0) & \nlabel('xxxlimit', (2.5*x1)+(0.0*x2)+(0.0*x3)+(2.5*x4)+(0.0*x5)<1.0)", "matrix": [[-0.7613354921340942, 0.0396728515625, 0.079345703125, 0.15869140625, 0.3173828125, 0.634765625, 1.26953125, 2.5390625, 0.0007629392785020173, 0.0015258785570040345, 0.003051757114008069, 0.006103514228016138, 0.012207028456032276, 0.024414056912064552, 0.048828113824129105, 0.09765622764825821, 0.000762939453125, 0.00152587890625, 0.0030517578125, 0.006103515625, 0.01220703125, 0.0244140625, 0.048828125, 0.09765625, 0.0007629393949173391, 0.0015258787898346782, 0.0030517575796693563, 0.006103515159338713, 0.012207030318677425, 0.02441406063735485, 0.0488281212747097, 0.0976562425494194, 0.000762939453125, 0.00152587890625, 0.0030517578125, 0.006103515625, 0.01220703125, 0.0244140625, 0.048828125, 0.09765625, 0.003814697265625, 0.00762939453125, 0.0152587890625, 0.030517578125, 0.06103515625, 0.1220703125, 0.244140625, 0.48828125, 0.0, 0.0, 0.0, 0.0, 0.0, 0.0, 0.0, 0.0, 0.0, 0.0, 0.0, 0.0, 0.0, 0.0, 0.0, 0.0], [0.0396728515625, -1.4829981327056885, 0.15869140625, 0.3173828125, 0.634765625, 1.26953125, 2.5390625, 5.078125, 0.0015258785570040345, 0.003051757114008069, 0.006103514228016138, 0.012207028456032276, 0.024414056912064552, 0.048828113824129105, 0.09765622764825821, 0.19531245529651642, 0.00152587890625, 0.0030517578125, 0.006103515625, 0.01220703125, 0.0244140625, 0.048828125, 0.09765625, 0.1953125, 0.0015258787898346782, 0.0030517575796693563, 0.006103515159338713, 0.012207030318677425, 0.02441406063735485, 0.0488281212747097, 0.0976562425494194, 0.1953124850988388, 0.00152587890625, 0.0030517578125, 0.006103515625, 0.01220703125, 0.0244140625, 0.048828125, 0.09765625, 0.1953125, 0.00762939453125, 0.0152587890625, 0.030517578125, 0.06103515625, 0.1220703125, 0.244140625, 0.48828125, 0.9765625, 0.0, 0.0, 0.0, 0.0, 0.0, 0.0, 0.0, 0.0, 0.0, 0.0, 0.0, 0.0, 0.0, 0.0, 0.0, 0.0], [0.079345703125, 0.15869140625, -2.807304859161377, 0.634765625, 1.26953125, 2.5390625, 5.078125, 10.15625, 0.003051757114008069, 0.006103514228016138, 0.012207028456032276, 0.024414056912064552, 0.048828113824129105, 0.09765622764825821, 0.19531245529651642, 0.39062491059303284, 0.0030517578125, 0.006103515625, 0.01220703125, 0.0244140625, 0.048828125, 0.09765625, 0.1953125, 0.390625, 0.0030517575796693563, 0.006103515159338713, 0.012207030318677425, 0.02441406063735485, 0.0488281212747097, 0.0976562425494194, 0.1953124850988388, 0.3906249701976776, 0.0030517578125, 0.006103515625, 0.01220703125, 0.0244140625, 0.048828125, 0.09765625, 0.1953125, 0.390625, 0.0152587890625, 0.030517578125, 0.06103515625, 0.1220703125, 0.244140625, 0.48828125, 0.9765625, 1.953125, 0.0, 0.0, 0.0, 0.0, 0.0, 0.0, 0.0, 0.0, 0.0, 0.0, 0.0, 0.0, 0.0, 0.0, 0.0, 0.0], [0.15869140625, 0.3173828125, 0.634765625, -4.979844093322754, 2.5390625, 5.078125, 10.15625, 20.3125, 0.006103514228016138, 0.012207028456032276, 0.024414056912064552, 0.048828113824129105, 0.09765622764825821, 0.19531245529651642, 0.39062491059303284, 0.7812498211860657, 0.006103515625, 0.01220703125, 0.0244140625, 0.048828125, 0.09765625, 0.1953125, 0.390625, 0.78125, 0.006103515159338713, 0.012207030318677425, 0.02441406063735485, 0.0488281212747097, 0.0976562425494194, 0.1953124850988388, 0.3906249701976776, 0.7812499403953552, 0.006103515625, 0.01220703125, 0.0244140625, 0.048828125, 0.09765625, 0.1953125, 0.390625, 0.78125, 0.030517578125, 0.06103515625, 0.1220703125, 0.244140625, 0.48828125, 0.9765625, 1.953125, 3.90625, 0.0, 0.0, 0.0, 0.0, 0.0, 0.0, 0.0, 0.0, 0.0, 0.0, 0.0, 0.0, 0.0, 0.0, 0.0, 0.0], [0.3173828125, 0.634765625, 1.26953125, 2.5390625, -7.42062520980835, 10.15625, 20.3125, 40.625, 0.012207028456032276, 0.024414056912064552, 0.048828113824129105, 0.09765622764825821, 0.19531245529651642, 0.39062491059303284, 0.7812498211860657, 1.5624996423721313, 0.01220703125, 0.0244140625, 0.048828125, 0.09765625, 0.1953125, 0.390625, 0.78125, 1.5625, 0.012207030318677425, 0.02441406063735485, 0.0488281212747097, 0.0976562425494194, 0.1953124850988388, 0.3906249701976776, 0.7812499403953552, 1.5624998807907104, 0.01220703125, 0.0244140625, 0.048828125, 0.09765625, 0.1953125, 0.390625, 0.78125, 1.5625, 0.06103515625, 0.1220703125, 0.244140625, 0.48828125, 0.9765625, 1.953125, 3.90625, 7.8125, 0.0, 0.0, 0.0, 0.0, 0.0, 0.0, 0.0, 0.0, 0.0, 0.0, 0.0, 0.0, 0.0, 0.0, 0.0, 0.0], [0.634765625, 1.26953125, 2.5390625, 5.078125, 10.15625, -4.685000419616699, 40.625, 81.25, 0.024414056912064552, 0.048828113824129105, 0.09765622764825821, 0.19531245529651642, 0.39062491059303284, 0.7812498211860657, 1.5624996423721313, 3.1249992847442627, 0.0244140625, 0.048828125, 0.09765625, 0.1953125, 0.390625, 0.78125, 1.5625, 3.125, 0.02441406063735485, 0.0488281212747097, 0.0976562425494194, 0.1953124850988388, 0.3906249701976776, 0.7812499403953552, 1.5624998807907104, 3.124999761581421, 0.0244140625, 0.048828125, 0.09765625, 0.1953125, 0.390625, 0.78125, 1.5625, 3.125, 0.1220703125, 0.244140625, 0.48828125, 0.9765625, 1.953125, 3.90625, 7.8125, 15.625, 0.0, 0.0, 0.0, 0.0, 0.0, 0.0, 0.0, 0.0, 0.0, 0.0, 0.0, 0.0, 0.0, 0.0, 0.0, 0.0], [1.26953125, 2.5390625, 5.078125, 10.15625, 20.3125, 40.625, 31.255001068115234, 162.5, 0.048828113824129105, 0.09765622764825821, 0.19531245529651642, 0.39062491059303284, 0.7812498211860657, 1.5624996423721313, 3.1249992847442627, 6.249998569488525, 0.048828125, 0.09765625, 0.1953125, 0.390625, 0.78125, 1.5625, 3.125, 6.25, 0.0488281212747097, 0.0976562425494194, 0.1953124850988388, 0.3906249701976776, 0.7812499403953552, 1.5624998807907104, 3.124999761581421, 6.249999523162842, 0.048828125, 0.09765625, 0.1953125, 0.390625, 0.78125, 1.5625, 3.125, 6.25, 0.244140625, 0.48828125, 0.9765625, 1.953125, 3.90625, 7.8125, 15.625, 31.25, 0.0, 0.0, 0.0, 0.0, 0.0, 0.0, 0.0, 0.0, 0.0, 0.0, 0.0, 0.0, 0.0, 0.0, 0.0, 0.0], [2.5390625, 5.078125, 10.15625, 20.3125, 40.625, 81.25, 162.5, 225.010009765625, 0.09765622764825821, 0.19531245529651642, 0.39062491059303284, 0.7812498211860657, 1.5624996423721313, 3.1249992847442627, 6.249998569488525, 12.49999713897705, 0.09765625, 0.1953125, 0.390625, 0.78125, 1.5625, 3.125, 6.25, 12.5, 0.0976562425494194, 0.1953124850988388, 0.3906249701976776, 0.7812499403953552, 1.5624998807907104, 3.124999761581421, 6.249999523162842, 12.499999046325684, 0.09765625, 0.1953125, 0.390625, 0.78125, 1.5625, 3.125, 6.25, 12.5, 0.48828125, 0.9765625, 1.953125, 3.90625, 7.8125, 15.625, 31.25, 62.5, 0.0, 0.0, 0.0, 0.0, 0.0, 0.0, 0.0, 0.0, 0.0, 0.0, 0.0, 0.0, 0.0, 0.0, 0.0, 0.0], [0.0007629392785020173, 0.0015258785570040345, 0.003051757114008069, 0.006103514228016138, 0.012207028456032276, 0.024414056912064552, 0.048828113824129105, 0.09765622764825821, -0.7756893634796143, 0.011062625795602798, 0.022125251591205597, 0.044250503182411194, 0.08850100636482239, 0.17700201272964478, 0.35400402545928955, 0.7080080509185791, 0.000762939453125, 0.00152587890625, 0.0030517578125, 0.006103515625, 0.01220703125, 0.0244140625, 0.048828125, 0.09765625, 0.0007629404426552355, 0.001525880885310471, 0.003051761770620942, 0.006103523541241884, 0.012207047082483768, 0.024414094164967537, 0.048828188329935074, 0.09765637665987015, 0.00553131103515625, 0.0110626220703125, 0.022125244140625, 0.04425048828125, 0.0885009765625, 0.177001953125, 0.35400390625, 0.7080078125, 0.0, 0.0, 0.0, 0.0, 0.0, 0.0, 0.0, 0.0, 0.0, 0.0, 0.0, 0.0, 0.0, 0.0, 0.0, 0.0, 0.0019073486328125, 0.003814697265625, 0.00762939453125, 0.0152587890625, 0.030517578125, 0.06103515625, 0.1220703125, 0.244140625], [0.0015258785570040345, 0.003051757114008069, 0.006103514228016138, 0.012207028456032276, 0.024414056912064552, 0.048828113824129105, 0.09765622764825821, 0.19531245529651642, 0.011062625795602798, -1.540316104888916, 0.044250503182411194, 0.08850100636482239, 0.17700201272964478, 0.35400402545928955, 0.7080080509185791, 1.4160161018371582, 0.00152587890625, 0.0030517578125, 0.006103515625, 0.01220703125, 0.0244140625, 0.048828125, 0.09765625, 0.1953125, 0.001525880885310471, 0.003051761770620942, 0.006103523541241884, 0.012207047082483768, 0.024414094164967537, 0.048828188329935074, 0.09765637665987015, 0.1953127533197403, 0.0110626220703125, 0.022125244140625, 0.04425048828125, 0.0885009765625, 0.177001953125, 0.35400390625, 0.7080078125, 1.416015625, 0.0, 0.0, 0.0, 0.0, 0.0, 0.0, 0.0, 0.0, 0.0, 0.0, 0.0, 0.0, 0.0, 0.0, 0.0, 0.0, 0.003814697265625, 0.00762939453125, 0.0152587890625, 0.030517578125, 0.06103515625, 0.1220703125, 0.244140625, 0.48828125], [0.003051757114008069, 0.006103514228016138, 0.012207028456032276, 0.024414056912064552, 0.048828113824129105, 0.09765622764825821, 0.19531245529651642, 0.39062491059303284, 0.022125251591205597, 0.044250503182411194, -3.036381721496582, 0.17700201272964478, 0.35400402545928955, 0.7080080509185791, 1.4160161018371582, 2.8320322036743164, 0.0030517578125, 0.006103515625, 0.01220703125, 0.0244140625, 0.048828125, 0.09765625, 0.1953125, 0.390625, 0.003051761770620942, 0.006103523541241884, 0.012207047082483768, 0.024414094164967537, 0.048828188329935074, 0.09765637665987015, 0.1953127533197403, 0.3906255066394806, 0.022125244140625, 0.04425048828125, 0.0885009765625, 0.177001953125, 0.35400390625, 0.7080078125, 1.416015625, 2.83203125, 0.0, 0.0, 0.0, 0.0, 0.0, 0.0, 0.0, 0.0, 0.0, 0.0, 0.0, 0.0, 0.0, 0.0, 0.0, 0.0, 0.00762939453125, 0.0152587890625, 0.030517578125, 0.06103515625, 0.1220703125, 0.244140625, 0.48828125, 0.9765625], [0.006103514228016138, 0.012207028456032276, 0.024414056912064552, 0.048828113824129105, 0.09765622764825821, 0.19531245529651642, 0.39062491059303284, 0.7812498211860657, 0.044250503182411194, 0.08850100636482239, 0.17700201272964478, -5.895761489868164, 0.7080080509185791, 1.4160161018371582, 2.8320322036743164, 5.664064407348633, 0.006103515625, 0.01220703125, 0.0244140625, 0.048828125, 0.09765625, 0.1953125, 0.390625, 0.78125, 0.006103523541241884, 0.012207047082483768, 0.024414094164967537, 0.048828188329935074, 0.09765637665987015, 0.1953127533197403, 0.3906255066394806, 0.7812510132789612, 0.04425048828125, 0.0885009765625, 0.177001953125, 0.35400390625, 0.7080078125, 1.416015625, 2.83203125, 5.6640625, 0.0, 0.0, 0.0, 0.0, 0.0, 0.0, 0.0, 0.0, 0.0, 0.0, 0.0, 0.0, 0.0, 0.0, 0.0, 0.0, 0.0152587890625, 0.030517578125, 0.06103515625, 0.1220703125, 0.244140625, 0.48828125, 0.9765625, 1.953125], [0.012207028456032276, 0.024414056912064552, 0.048828113824129105, 0.09765622764825821, 0.19531245529651642, 0.39062491059303284, 0.7812498211860657, 1.5624996423721313, 0.08850100636482239, 0.17700201272964478, 0.35400402545928955, 0.7080080509185791, -11.083515167236328, 2.8320322036743164, 5.664064407348633, 11.328128814697266, 0.01220703125, 0.0244140625, 0.048828125, 0.09765625, 0.1953125, 0.390625, 0.78125, 1.5625, 0.012207047082483768, 0.024414094164967537, 0.048828188329935074, 0.09765637665987015, 0.1953127533197403, 0.3906255066394806, 0.7812510132789612, 1.5625020265579224, 0.0885009765625, 0.177001953125, 0.35400390625, 0.7080078125, 1.416015625, 2.83203125, 5.6640625, 11.328125, 0.0, 0.0, 0.0, 0.0, 0.0, 0.0, 0.0, 0.0, 0.0, 0.0, 0.0, 0.0, 0.0, 0.0, 0.0, 0.0, 0.030517578125, 0.06103515625, 0.1220703125, 0.244140625, 0.48828125, 0.9765625, 1.953125, 3.90625], [0.024414056912064552, 0.048828113824129105, 0.09765622764825821, 0.19531245529651642, 0.39062491059303284, 0.7812498211860657, 1.5624996423721313, 3.1249992847442627, 0.17700201272964478, 0.35400402545928955, 0.7080080509185791, 1.4160161018371582, 2.8320322036743164, -19.334999084472656, 11.328128814697266, 22.65625762939453, 0.0244140625, 0.048828125, 0.09765625, 0.1953125, 0.390625, 0.78125, 1.5625, 3.125, 0.024414094164967537, 0.048828188329935074, 0.09765637665987015, 0.1953127533197403, 0.3906255066394806, 0.7812510132789612, 1.5625020265579224, 3.1250040531158447, 0.177001953125, 0.35400390625, 0.7080078125, 1.416015625, 2.83203125, 5.6640625, 11.328125, 22.65625, 0.0, 0.0, 0.0, 0.0, 0.0, 0.0, 0.0, 0.0, 0.0, 0.0, 0.0, 0.0, 0.0, 0.0, 0.0, 0.0, 0.06103515625, 0.1220703125, 0.244140625, 0.48828125, 0.9765625, 1.953125, 3.90625, 7.8125], [0.048828113824129105, 0.09765622764825821, 0.19531245529651642, 0.39062491059303284, 0.7812498211860657, 1.5624996423721313, 3.1249992847442627, 6.249998569488525, 0.35400402545928955, 0.7080080509185791, 1.4160161018371582, 2.8320322036743164, 5.664064407348633, 11.328128814697266, -27.341869354248047, 45.31251525878906, 0.048828125, 0.09765625, 0.1953125, 0.390625, 0.78125, 1.5625, 3.125, 6.25, 0.048828188329935074, 0.09765637665987015, 0.1953127533197403, 0.3906255066394806, 0.7812510132789612, 1.5625020265579224, 3.1250040531158447, 6.2500081062316895, 0.35400390625, 0.7080078125, 1.416015625, 2.83203125, 5.6640625, 11.328125, 22.65625, 45.3125, 0.0, 0.0, 0.0, 0.0, 0.0, 0.0, 0.0, 0.0, 0.0, 0.0, 0.0, 0.0, 0.0, 0.0, 0.0, 0.0, 0.1220703125, 0.244140625, 0.48828125, 0.9765625, 1.953125, 3.90625, 7.8125, 15.625], [0.09765622764825821, 0.19531245529651642, 0.39062491059303284, 0.7812498211860657, 1.5624996423721313, 3.1249992847442627, 6.249998569488525, 12.49999713897705, 0.7080080509185791, 1.4160161018371582, 2.8320322036743164, 5.664064407348633, 11.328128814697266, 22.65625762939453, 45.31251525878906, -9.371223449707031, 0.09765625, 0.1953125, 0.390625, 0.78125, 1.5625, 3.125, 6.25, 12.5, 0.09765637665987015, 0.1953127533197403, 0.3906255066394806, 0.7812510132789612, 1.5625020265579224, 3.1250040531158447, 6.2500081062316895, 12.500016212463379, 0.7080078125, 1.416015625, 2.83203125, 5.6640625, 11.328125, 22.65625, 45.3125, 90.625, 0.0, 0.0, 0.0, 0.0, 0.0, 0.0, 0.0, 0.0, 0.0, 0.0, 0.0, 0.0, 0.0, 0.0, 0.0, 0.0, 0.244140625, 0.48828125, 0.9765625, 1.953125, 3.90625, 7.8125, 15.625, 31.25], [0.000762939453125, 0.00152587890625, 0.0030517578125, 0.006103515625, 0.01220703125, 0.0244140625, 0.048828125, 0.09765625, 0.000762939453125, 0.00152587890625, 0.0030517578125, 0.006103515625, 0.01220703125, 0.0244140625, 0.048828125, 0.09765625, -0.7756991386413574, 0.0110626220703125, 0.022125244140625, 0.04425048828125, 0.0885009765625, 0.177001953125, 0.35400390625, 0.7080078125, 0.005531311500817537, 0.011062623001635075, 0.02212524600327015, 0.0442504920065403, 0.0885009840130806, 0.1770019680261612, 0.3540039360523224, 0.7080078721046448, 0.0007629393367096782, 0.0015258786734193563, 0.0030517573468387127, 0.006103514693677425, 0.01220702938735485, 0.0244140587747097, 0.0488281175494194, 0.0976562350988388, 0.0, 0.0, 0.0, 0.0, 0.0, 0.0, 0.0, 0.0, 0.0019073486328125, 0.003814697265625, 0.00762939453125, 0.0152587890625, 0.030517578125, 0.06103515625, 0.1220703125, 0.244140625, 0.0, 0.0, 0.0, 0.0, 0.0, 0.0, 0.0, 0.0], [0.00152587890625, 0.0030517578125, 0.006103515625, 0.01220703125, 0.0244140625, 0.048828125, 0.09765625, 0.1953125, 0.00152587890625, 0.0030517578125, 0.006103515625, 0.01220703125, 0.0244140625, 0.048828125, 0.09765625, 0.1953125, 0.0110626220703125, -1.5403356552124023, 0.04425048828125, 0.0885009765625, 0.177001953125, 0.35400390625, 0.7080078125, 1.416015625, 0.011062623001635075, 0.02212524600327015, 0.0442504920065403, 0.0885009840130806, 0.1770019680261612, 0.3540039360523224, 0.7080078721046448, 1.4160157442092896, 0.0015258786734193563, 0.0030517573468387127, 0.006103514693677425, 0.01220702938735485, 0.0244140587747097, 0.0488281175494194, 0.0976562350988388, 0.1953124701976776, 0.0, 0.0, 0.0, 0.0, 0.0, 0.0, 0.0, 0.0, 0.003814697265625, 0.00762939453125, 0.0152587890625, 0.030517578125, 0.06103515625, 0.1220703125, 0.244140625, 0.48828125, 0.0, 0.0, 0.0, 0.0, 0.0, 0.0, 0.0, 0.0], [0.0030517578125, 0.006103515625, 0.01220703125, 0.0244140625, 0.048828125, 0.09765625, 0.1953125, 0.390625, 0.0030517578125, 0.006103515625, 0.01220703125, 0.0244140625, 0.048828125, 0.09765625, 0.1953125, 0.390625, 0.022125244140625, 0.04425048828125, -3.0364208221435547, 0.177001953125, 0.35400390625, 0.7080078125, 1.416015625, 2.83203125, 0.02212524600327015, 0.0442504920065403, 0.0885009840130806, 0.1770019680261612, 0.3540039360523224, 0.7080078721046448, 1.4160157442092896, 2.832031488418579, 0.0030517573468387127, 0.006103514693677425, 0.01220702938735485, 0.0244140587747097, 0.0488281175494194, 0.0976562350988388, 0.1953124701976776, 0.3906249403953552, 0.0, 0.0, 0.0, 0.0, 0.0, 0.0, 0.0, 0.0, 0.00762939453125, 0.0152587890625, 0.030517578125, 0.06103515625, 0.1220703125, 0.244140625, 0.48828125, 0.9765625, 0.0, 0.0, 0.0, 0.0, 0.0, 0.0, 0.0, 0.0], [0.006103515625, 0.01220703125, 0.0244140625, 0.048828125, 0.09765625, 0.1953125, 0.390625, 0.78125, 0.006103515625, 0.01220703125, 0.0244140625, 0.048828125, 0.09765625, 0.1953125, 0.390625, 0.78125, 0.04425048828125, 0.0885009765625, 0.177001953125, -5.895839691162109, 0.7080078125, 1.416015625, 2.83203125, 5.6640625, 0.0442504920065403, 0.0885009840130806, 0.1770019680261612, 0.3540039360523224, 0.7080078721046448, 1.4160157442092896, 2.832031488418579, 5.664062976837158, 0.006103514693677425, 0.01220702938735485, 0.0244140587747097, 0.0488281175494194, 0.0976562350988388, 0.1953124701976776, 0.3906249403953552, 0.7812498807907104, 0.0, 0.0, 0.0, 0.0, 0.0, 0.0, 0.0, 0.0, 0.0152587890625, 0.030517578125, 0.06103515625, 0.1220703125, 0.244140625, 0.48828125, 0.9765625, 1.953125, 0.0, 0.0, 0.0, 0.0, 0.0, 0.0, 0.0, 0.0], [0.01220703125, 0.0244140625, 0.048828125, 0.09765625, 0.1953125, 0.390625, 0.78125, 1.5625, 0.01220703125, 0.0244140625, 0.048828125, 0.09765625, 0.1953125, 0.390625, 0.78125, 1.5625, 0.0885009765625, 0.177001953125, 0.35400390625, 0.7080078125, -11.083671569824219, 2.83203125, 5.6640625, 11.328125, 0.0885009840130806, 0.1770019680261612, 0.3540039360523224, 0.7080078721046448, 1.4160157442092896, 2.832031488418579, 5.664062976837158, 11.328125953674316, 0.01220702938735485, 0.0244140587747097, 0.0488281175494194, 0.0976562350988388, 0.1953124701976776, 0.3906249403953552, 0.7812498807907104, 1.562499761581421, 0.0, 0.0, 0.0, 0.0, 0.0, 0.0, 0.0, 0.0, 0.030517578125, 0.06103515625, 0.1220703125, 0.244140625, 0.48828125, 0.9765625, 1.953125, 3.90625, 0.0, 0.0, 0.0, 0.0, 0.0, 0.0, 0.0, 0.0], [0.0244140625, 0.048828125, 0.09765625, 0.1953125, 0.390625, 0.78125, 1.5625, 3.125, 0.0244140625, 0.048828125, 0.09765625, 0.1953125, 0.390625, 0.78125, 1.5625, 3.125, 0.177001953125, 0.35400390625, 0.7080078125, 1.416015625, 2.83203125, -19.335311889648438, 11.328125, 22.65625, 0.1770019680261612, 0.3540039360523224, 0.7080078721046448, 1.4160157442092896, 2.832031488418579, 5.664062976837158, 11.328125953674316, 22.656251907348633, 0.0244140587747097, 0.0488281175494194, 0.0976562350988388, 0.1953124701976776, 0.3906249403953552, 0.7812498807907104, 1.562499761581421, 3.124999523162842, 0.0, 0.0, 0.0, 0.0, 0.0, 0.0, 0.0, 0.0, 0.06103515625, 0.1220703125, 0.244140625, 0.48828125, 0.9765625, 1.953125, 3.90625, 7.8125, 0.0, 0.0, 0.0, 0.0, 0.0, 0.0, 0.0, 0.0], [0.048828125, 0.09765625, 0.1953125, 0.390625, 0.78125, 1.5625, 3.125, 6.25, 0.048828125, 0.09765625, 0.1953125, 0.390625, 0.78125, 1.5625, 3.125, 6.25, 0.35400390625, 0.7080078125, 1.416015625, 2.83203125, 5.6640625, 11.328125, -27.342498779296875, 45.3125, 0.3540039360523224, 0.7080078721046448, 1.4160157442092896, 2.832031488418579, 5.664062976837158, 11.328125953674316, 22.656251907348633, 45.312503814697266, 0.0488281175494194, 0.0976562350988388, 0.1953124701976776, 0.3906249403953552, 0.7812498807907104, 1.562499761581421, 3.124999523162842, 6.249999046325684, 0.0, 0.0, 0.0, 0.0, 0.0, 0.0, 0.0, 0.0, 0.1220703125, 0.244140625, 0.48828125, 0.9765625, 1.953125, 3.90625, 7.8125, 15.625, 0.0, 0.0, 0.0, 0.0, 0.0, 0.0, 0.0, 0.0], [0.09765625, 0.1953125, 0.390625, 0.78125, 1.5625, 3.125, 6.25, 12.5, 0.09765625, 0.1953125, 0.390625, 0.78125, 1.5625, 3.125, 6.25, 12.5, 0.7080078125, 1.416015625, 2.83203125, 5.6640625, 11.328125, 22.65625, 45.3125, -9.37249755859375, 0.7080078721046448, 1.4160157442092896, 2.832031488418579, 5.664062976837158, 11.328125953674316, 22.656251907348633, 45.312503814697266, 90.62500762939453, 0.0976562350988388, 0.1953124701976776, 0.3906249403953552, 0.7812498807907104, 1.562499761581421, 3.124999523162842, 6.249999046325684, 12.499998092651367, 0.0, 0.0, 0.0, 0.0, 0.0, 0.0, 0.0, 0.0, 0.244140625, 0.48828125, 0.9765625, 1.953125, 3.90625, 7.8125, 15.625, 31.25, 0.0, 0.0, 0.0, 0.0, 0.0, 0.0, 0.0, 0.0], [0.0007629393949173391, 0.0015258787898346782, 0.0030517575796693563, 0.006103515159338713, 0.012207030318677425, 0.02441406063735485, 0.0488281212747097, 0.0976562425494194, 0.0007629404426552355, 0.001525880885310471, 0.003051761770620942, 0.006103523541241884, 0.012207047082483768, 0.024414094164967537, 0.048828188329935074, 0.09765637665987015, 0.005531311500817537, 0.011062623001635075, 0.02212524600327015, 0.0442504920065403, 0.0885009840130806, 0.1770019680261612, 0.3540039360523224, 0.7080078721046448, -0.7756795883178711, 0.011062624864280224, 0.022125249728560448, 0.044250499457120895, 0.08850099891424179, 0.17700199782848358, 0.35400399565696716, 0.7080079913139343, 0.0007629389292560518, 0.0015258778585121036, 0.003051755717024207, 0.006103511434048414, 0.012207022868096828, 0.024414045736193657, 0.048828091472387314, 0.09765618294477463, 0.0, 0.0, 0.0, 0.0, 0.0, 0.0, 0.0, 0.0, 0.0019073486328125, 0.003814697265625, 0.00762939453125, 0.0152587890625, 0.030517578125, 0.06103515625, 0.1220703125, 0.244140625, 0.0, 0.0, 0.0, 0.0, 0.0, 0.0, 0.0, 0.0], [0.0015258787898346782, 0.0030517575796693563, 0.006103515159338713, 0.012207030318677425, 0.02441406063735485, 0.0488281212747097, 0.0976562425494194, 0.1953124850988388, 0.001525880885310471, 0.003051761770620942, 0.006103523541241884, 0.012207047082483768, 0.024414094164967537, 0.048828188329935074, 0.09765637665987015, 0.1953127533197403, 0.011062623001635075, 0.02212524600327015, 0.0442504920065403, 0.0885009840130806, 0.1770019680261612, 0.3540039360523224, 0.7080078721046448, 1.4160157442092896, 0.011062624864280224, -1.5402965545654297, 0.044250499457120895, 0.08850099891424179, 0.17700199782848358, 0.35400399565696716, 0.7080079913139343, 1.4160159826278687, 0.0015258778585121036, 0.003051755717024207, 0.006103511434048414, 0.012207022868096828, 0.024414045736193657, 0.048828091472387314, 0.09765618294477463, 0.19531236588954926, 0.0, 0.0, 0.0, 0.0, 0.0, 0.0, 0.0, 0.0, 0.003814697265625, 0.00762939453125, 0.0152587890625, 0.030517578125, 0.06103515625, 0.1220703125, 0.244140625, 0.48828125, 0.0, 0.0, 0.0, 0.0, 0.0, 0.0, 0.0, 0.0], [0.0030517575796693563, 0.006103515159338713, 0.012207030318677425, 0.02441406063735485, 0.0488281212747097, 0.0976562425494194, 0.1953124850988388, 0.3906249701976776, 0.003051761770620942, 0.006103523541241884, 0.012207047082483768, 0.024414094164967537, 0.048828188329935074, 0.09765637665987015, 0.1953127533197403, 0.3906255066394806, 0.02212524600327015, 0.0442504920065403, 0.0885009840130806, 0.1770019680261612, 0.3540039360523224, 0.7080078721046448, 1.4160157442092896, 2.832031488418579, 0.022125249728560448, 0.044250499457120895, -3.0363426208496094, 0.17700199782848358, 0.35400399565696716, 0.7080079913139343, 1.4160159826278687, 2.8320319652557373, 0.003051755717024207, 0.006103511434048414, 0.012207022868096828, 0.024414045736193657, 0.048828091472387314, 0.09765618294477463, 0.19531236588954926, 0.3906247317790985, 0.0, 0.0, 0.0, 0.0, 0.0, 0.0, 0.0, 0.0, 0.00762939453125, 0.0152587890625, 0.030517578125, 0.06103515625, 0.1220703125, 0.244140625, 0.48828125, 0.9765625, 0.0, 0.0, 0.0, 0.0, 0.0, 0.0, 0.0, 0.0], [0.006103515159338713, 0.012207030318677425, 0.02441406063735485, 0.0488281212747097, 0.0976562425494194, 0.1953124850988388, 0.3906249701976776, 0.7812499403953552, 0.006103523541241884, 0.012207047082483768, 0.024414094164967537, 0.048828188329935074, 0.09765637665987015, 0.1953127533197403, 0.3906255066394806, 0.7812510132789612, 0.0442504920065403, 0.0885009840130806, 0.1770019680261612, 0.3540039360523224, 0.7080078721046448, 1.4160157442092896, 2.832031488418579, 5.664062976837158, 0.044250499457120895, 0.08850099891424179, 0.17700199782848358, -5.895683288574219, 0.7080079913139343, 1.4160159826278687, 2.8320319652557373, 5.664063930511475, 0.006103511434048414, 0.012207022868096828, 0.024414045736193657, 0.048828091472387314, 0.09765618294477463, 0.19531236588954926, 0.3906247317790985, 0.781249463558197, 0.0, 0.0, 0.0, 0.0, 0.0, 0.0, 0.0, 0.0, 0.0152587890625, 0.030517578125, 0.06103515625, 0.1220703125, 0.244140625, 0.48828125, 0.9765625, 1.953125, 0.0, 0.0, 0.0, 0.0, 0.0, 0.0, 0.0, 0.0], [0.012207030318677425, 0.02441406063735485, 0.0488281212747097, 0.0976562425494194, 0.1953124850988388, 0.3906249701976776, 0.7812499403953552, 1.5624998807907104, 0.012207047082483768, 0.024414094164967537, 0.048828188329935074, 0.09765637665987015, 0.1953127533197403, 0.3906255066394806, 0.7812510132789612, 1.5625020265579224, 0.0885009840130806, 0.1770019680261612, 0.3540039360523224, 0.7080078721046448, 1.4160157442092896, 2.832031488418579, 5.664062976837158, 11.328125953674316, 0.08850099891424179, 0.17700199782848358, 0.35400399565696716, 0.7080079913139343, -11.083358764648438, 2.8320319652557373, 5.664063930511475, 11.32812786102295, 0.012207022868096828, 0.024414045736193657, 0.048828091472387314, 0.09765618294477463, 0.19531236588954926, 0.3906247317790985, 0.781249463558197, 1.562498927116394, 0.0, 0.0, 0.0, 0.0, 0.0, 0.0, 0.0, 0.0, 0.030517578125, 0.06103515625, 0.1220703125, 0.244140625, 0.48828125, 0.9765625, 1.953125, 3.90625, 0.0, 0.0, 0.0, 0.0, 0.0, 0.0, 0.0, 0.0], [0.02441406063735485, 0.0488281212747097, 0.0976562425494194, 0.1953124850988388, 0.3906249701976776, 0.7812499403953552, 1.5624998807907104, 3.124999761581421, 0.024414094164967537, 0.048828188329935074, 0.09765637665987015, 0.1953127533197403, 0.3906255066394806, 0.7812510132789612, 1.5625020265579224, 3.1250040531158447, 0.1770019680261612, 0.3540039360523224, 0.7080078721046448, 1.4160157442092896, 2.832031488418579, 5.664062976837158, 11.328125953674316, 22.656251907348633, 0.17700199782848358, 0.35400399565696716, 0.7080079913139343, 1.4160159826278687, 2.8320319652557373, -19.334686279296875, 11.32812786102295, 22.6562557220459, 0.024414045736193657, 0.048828091472387314, 0.09765618294477463, 0.19531236588954926, 0.3906247317790985, 0.781249463558197, 1.562498927116394, 3.124997854232788, 0.0, 0.0, 0.0, 0.0, 0.0, 0.0, 0.0, 0.0, 0.06103515625, 0.1220703125, 0.244140625, 0.48828125, 0.9765625, 1.953125, 3.90625, 7.8125, 0.0, 0.0, 0.0, 0.0, 0.0, 0.0, 0.0, 0.0], [0.0488281212747097, 0.0976562425494194, 0.1953124850988388, 0.3906249701976776, 0.7812499403953552, 1.5624998807907104, 3.124999761581421, 6.249999523162842, 0.048828188329935074, 0.09765637665987015, 0.1953127533197403, 0.3906255066394806, 0.7812510132789612, 1.5625020265579224, 3.1250040531158447, 6.2500081062316895, 0.3540039360523224, 0.7080078721046448, 1.4160157442092896, 2.832031488418579, 5.664062976837158, 11.328125953674316, 22.656251907348633, 45.312503814697266, 0.35400399565696716, 0.7080079913139343, 1.4160159826278687, 2.8320319652557373, 5.664063930511475, 11.32812786102295, -27.341243743896484, 45.3125114440918, 0.048828091472387314, 0.09765618294477463, 0.19531236588954926, 0.3906247317790985, 0.781249463558197, 1.562498927116394, 3.124997854232788, 6.249995708465576, 0.0, 0.0, 0.0, 0.0, 0.0, 0.0, 0.0, 0.0, 0.1220703125, 0.244140625, 0.48828125, 0.9765625, 1.953125, 3.90625, 7.8125, 15.625, 0.0, 0.0, 0.0, 0.0, 0.0, 0.0, 0.0, 0.0], [0.0976562425494194, 0.1953124850988388, 0.3906249701976776, 0.7812499403953552, 1.5624998807907104, 3.124999761581421, 6.249999523162842, 12.499999046325684, 0.09765637665987015, 0.1953127533197403, 0.3906255066394806, 0.7812510132789612, 1.5625020265579224, 3.1250040531158447, 6.2500081062316895, 12.500016212463379, 0.7080078721046448, 1.4160157442092896, 2.832031488418579, 5.664062976837158, 11.328125953674316, 22.656251907348633, 45.312503814697266, 90.62500762939453, 0.7080079913139343, 1.4160159826278687, 2.8320319652557373, 5.664063930511475, 11.32812786102295, 22.6562557220459, 45.3125114440918, -9.369972229003906, 0.09765618294477463, 0.19531236588954926, 0.3906247317790985, 0.781249463558197, 1.562498927116394, 3.124997854232788, 6.249995708465576, 12.499991416931152, 0.0, 0.0, 0.0, 0.0, 0.0, 0.0, 0.0, 0.0, 0.244140625, 0.48828125, 0.9765625, 1.953125, 3.90625, 7.8125, 15.625, 31.25, 0.0, 0.0, 0.0, 0.0, 0.0, 0.0, 0.0, 0.0], [0.000762939453125, 0.00152587890625, 0.0030517578125, 0.006103515625, 0.01220703125, 0.0244140625, 0.048828125, 0.09765625, 0.00553131103515625, 0.0110626220703125, 0.022125244140625, 0.04425048828125, 0.0885009765625, 0.177001953125, 0.35400390625, 0.7080078125, 0.0007629393367096782, 0.0015258786734193563, 0.0030517573468387127, 0.006103514693677425, 0.01220702938735485, 0.0244140587747097, 0.0488281175494194, 0.0976562350988388, 0.0007629389292560518, 0.0015258778585121036, 0.003051755717024207, 0.006103511434048414, 0.012207022868096828, 0.024414045736193657, 0.048828091472387314, 0.09765618294477463, -0.7756795883178711, 0.011062623001635075, 0.02212524600327015, 0.0442504920065403, 0.0885009840130806, 0.1770019680261612, 0.3540039360523224, 0.7080078721046448, 0.0, 0.0, 0.0, 0.0, 0.0, 0.0, 0.0, 0.0, 0.0, 0.0, 0.0, 0.0, 0.0, 0.0, 0.0, 0.0, 0.0019073486328125, 0.003814697265625, 0.00762939453125, 0.0152587890625, 0.030517578125, 0.06103515625, 0.1220703125, 0.244140625], [0.00152587890625, 0.0030517578125, 0.006103515625, 0.01220703125, 0.0244140625, 0.048828125, 0.09765625, 0.1953125, 0.0110626220703125, 0.022125244140625, 0.04425048828125, 0.0885009765625, 0.177001953125, 0.35400390625, 0.7080078125, 1.416015625, 0.0015258786734193563, 0.0030517573468387127, 0.006103514693677425, 0.01220702938735485, 0.0244140587747097, 0.0488281175494194, 0.0976562350988388, 0.1953124701976776, 0.0015258778585121036, 0.003051755717024207, 0.006103511434048414, 0.012207022868096828, 0.024414045736193657, 0.048828091472387314, 0.09765618294477463, 0.19531236588954926, 0.011062623001635075, -1.5402965545654297, 0.0442504920065403, 0.0885009840130806, 0.1770019680261612, 0.3540039360523224, 0.7080078721046448, 1.4160157442092896, 0.0, 0.0, 0.0, 0.0, 0.0, 0.0, 0.0, 0.0, 0.0, 0.0, 0.0, 0.0, 0.0, 0.0, 0.0, 0.0, 0.003814697265625, 0.00762939453125, 0.0152587890625, 0.030517578125, 0.06103515625, 0.1220703125, 0.244140625, 0.48828125], [0.0030517578125, 0.006103515625, 0.01220703125, 0.0244140625, 0.048828125, 0.09765625, 0.1953125, 0.390625, 0.022125244140625, 0.04425048828125, 0.0885009765625, 0.177001953125, 0.35400390625, 0.7080078125, 1.416015625, 2.83203125, 0.0030517573468387127, 0.006103514693677425, 0.01220702938735485, 0.0244140587747097, 0.0488281175494194, 0.0976562350988388, 0.1953124701976776, 0.3906249403953552, 0.003051755717024207, 0.006103511434048414, 0.012207022868096828, 0.024414045736193657, 0.048828091472387314, 0.09765618294477463, 0.19531236588954926, 0.3906247317790985, 0.02212524600327015, 0.0442504920065403, -3.0363426208496094, 0.1770019680261612, 0.3540039360523224, 0.7080078721046448, 1.4160157442092896, 2.832031488418579, 0.0, 0.0, 0.0, 0.0, 0.0, 0.0, 0.0, 0.0, 0.0, 0.0, 0.0, 0.0, 0.0, 0.0, 0.0, 0.0, 0.00762939453125, 0.0152587890625, 0.030517578125, 0.06103515625, 0.1220703125, 0.244140625, 0.48828125, 0.9765625], [0.006103515625, 0.01220703125, 0.0244140625, 0.048828125, 0.09765625, 0.1953125, 0.390625, 0.78125, 0.04425048828125, 0.0885009765625, 0.177001953125, 0.35400390625, 0.7080078125, 1.416015625, 2.83203125, 5.6640625, 0.006103514693677425, 0.01220702938735485, 0.0244140587747097, 0.0488281175494194, 0.0976562350988388, 0.1953124701976776, 0.3906249403953552, 0.7812498807907104, 0.006103511434048414, 0.012207022868096828, 0.024414045736193657, 0.048828091472387314, 0.09765618294477463, 0.19531236588954926, 0.3906247317790985, 0.781249463558197, 0.0442504920065403, 0.0885009840130806, 0.1770019680261612, -5.895683288574219, 0.7080078721046448, 1.4160157442092896, 2.832031488418579, 5.664062976837158, 0.0, 0.0, 0.0, 0.0, 0.0, 0.0, 0.0, 0.0, 0.0, 0.0, 0.0, 0.0, 0.0, 0.0, 0.0, 0.0, 0.0152587890625, 0.030517578125, 0.06103515625, 0.1220703125, 0.244140625, 0.48828125, 0.9765625, 1.953125], [0.01220703125, 0.0244140625, 0.048828125, 0.09765625, 0.1953125, 0.390625, 0.78125, 1.5625, 0.0885009765625, 0.177001953125, 0.35400390625, 0.7080078125, 1.416015625, 2.83203125, 5.6640625, 11.328125, 0.01220702938735485, 0.0244140587747097, 0.0488281175494194, 0.0976562350988388, 0.1953124701976776, 0.3906249403953552, 0.7812498807907104, 1.562499761581421, 0.012207022868096828, 0.024414045736193657, 0.048828091472387314, 0.09765618294477463, 0.19531236588954926, 0.3906247317790985, 0.781249463558197, 1.562498927116394, 0.0885009840130806, 0.1770019680261612, 0.3540039360523224, 0.7080078721046448, -11.083358764648438, 2.832031488418579, 5.664062976837158, 11.328125953674316, 0.0, 0.0, 0.0, 0.0, 0.0, 0.0, 0.0, 0.0, 0.0, 0.0, 0.0, 0.0, 0.0, 0.0, 0.0, 0.0, 0.030517578125, 0.06103515625, 0.1220703125, 0.244140625, 0.48828125, 0.9765625, 1.953125, 3.90625], [0.0244140625, 0.048828125, 0.09765625, 0.1953125, 0.390625, 0.78125, 1.5625, 3.125, 0.177001953125, 0.35400390625, 0.7080078125, 1.416015625, 2.83203125, 5.6640625, 11.328125, 22.65625, 0.0244140587747097, 0.0488281175494194, 0.0976562350988388, 0.1953124701976776, 0.3906249403953552, 0.7812498807907104, 1.562499761581421, 3.124999523162842, 0.024414045736193657, 0.048828091472387314, 0.09765618294477463, 0.19531236588954926, 0.3906247317790985, 0.781249463558197, 1.562498927116394, 3.124997854232788, 0.1770019680261612, 0.3540039360523224, 0.7080078721046448, 1.4160157442092896, 2.832031488418579, -19.334686279296875, 11.328125953674316, 22.656251907348633, 0.0, 0.0, 0.0, 0.0, 0.0, 0.0, 0.0, 0.0, 0.0, 0.0, 0.0, 0.0, 0.0, 0.0, 0.0, 0.0, 0.06103515625, 0.1220703125, 0.244140625, 0.48828125, 0.9765625, 1.953125, 3.90625, 7.8125], [0.048828125, 0.09765625, 0.1953125, 0.390625, 0.78125, 1.5625, 3.125, 6.25, 0.35400390625, 0.7080078125, 1.416015625, 2.83203125, 5.6640625, 11.328125, 22.65625, 45.3125, 0.0488281175494194, 0.0976562350988388, 0.1953124701976776, 0.3906249403953552, 0.7812498807907104, 1.562499761581421, 3.124999523162842, 6.249999046325684, 0.048828091472387314, 0.09765618294477463, 0.19531236588954926, 0.3906247317790985, 0.781249463558197, 1.562498927116394, 3.124997854232788, 6.249995708465576, 0.3540039360523224, 0.7080078721046448, 1.4160157442092896, 2.832031488418579, 5.664062976837158, 11.328125953674316, -27.34124755859375, 45.312503814697266, 0.0, 0.0, 0.0, 0.0, 0.0, 0.0, 0.0, 0.0, 0.0, 0.0, 0.0, 0.0, 0.0, 0.0, 0.0, 0.0, 0.1220703125, 0.244140625, 0.48828125, 0.9765625, 1.953125, 3.90625, 7.8125, 15.625], [0.09765625, 0.1953125, 0.390625, 0.78125, 1.5625, 3.125, 6.25, 12.5, 0.7080078125, 1.416015625, 2.83203125, 5.6640625, 11.328125, 22.65625, 45.3125, 90.625, 0.0976562350988388, 0.1953124701976776, 0.3906249403953552, 0.7812498807907104, 1.562499761581421, 3.124999523162842, 6.249999046325684, 12.499998092651367, 0.09765618294477463, 0.19531236588954926, 0.3906247317790985, 0.781249463558197, 1.562498927116394, 3.124997854232788, 6.249995708465576, 12.499991416931152, 0.7080078721046448, 1.4160157442092896, 2.832031488418579, 5.664062976837158, 11.328125953674316, 22.656251907348633, 45.312503814697266, -9.3699951171875, 0.0, 0.0, 0.0, 0.0, 0.0, 0.0, 0.0, 0.0, 0.0, 0.0, 0.0, 0.0, 0.0, 0.0, 0.0, 0.0, 0.244140625, 0.48828125, 0.9765625, 1.953125, 3.90625, 7.8125, 15.625, 31.25], [0.003814697265625, 0.00762939453125, 0.0152587890625, 0.030517578125, 0.06103515625, 0.1220703125, 0.244140625, 0.48828125, 0.0, 0.0, 0.0, 0.0, 0.0, 0.0, 0.0, 0.0, 0.0, 0.0, 0.0, 0.0, 0.0, 0.0, 0.0, 0.0, 0.0, 0.0, 0.0, 0.0, 0.0, 0.0, 0.0, 0.0, 0.0, 0.0, 0.0, 0.0, 0.0, 0.0, 0.0, 0.0, -0.077362060546875, 0.00152587890625, 0.0030517578125, 0.006103515625, 0.01220703125, 0.0244140625, 0.048828125, 0.09765625, 0.0, 0.0, 0.0, 0.0, 0.0, 0.0, 0.0, 0.0, 0.0, 0.0, 0.0, 0.0, 0.0, 0.0, 0.0, 0.0], [0.00762939453125, 0.0152587890625, 0.030517578125, 0.06103515625, 0.1220703125, 0.244140625, 0.48828125, 0.9765625, 0.0, 0.0, 0.0, 0.0, 0.0, 0.0, 0.0, 0.0, 0.0, 0.0, 0.0, 0.0, 0.0, 0.0, 0.0, 0.0, 0.0, 0.0, 0.0, 0.0, 0.0, 0.0, 0.0, 0.0, 0.0, 0.0, 0.0, 0.0, 0.0, 0.0, 0.0, 0.0, 0.00152587890625, -0.1531982421875, 0.006103515625, 0.01220703125, 0.0244140625, 0.048828125, 0.09765625, 0.1953125, 0.0, 0.0, 0.0, 0.0, 0.0, 0.0, 0.0, 0.0, 0.0, 0.0, 0.0, 0.0, 0.0, 0.0, 0.0, 0.0], [0.0152587890625, 0.030517578125, 0.06103515625, 0.1220703125, 0.244140625, 0.48828125, 0.9765625, 1.953125, 0.0, 0.0, 0.0, 0.0, 0.0, 0.0, 0.0, 0.0, 0.0, 0.0, 0.0, 0.0, 0.0, 0.0, 0.0, 0.0, 0.0, 0.0, 0.0, 0.0, 0.0, 0.0, 0.0, 0.0, 0.0, 0.0, 0.0, 0.0, 0.0, 0.0, 0.0, 0.0, 0.0030517578125, 0.006103515625, -0.30029296875, 0.0244140625, 0.048828125, 0.09765625, 0.1953125, 0.390625, 0.0, 0.0, 0.0, 0.0, 0.0, 0.0, 0.0, 0.0, 0.0, 0.0, 0.0, 0.0, 0.0, 0.0, 0.0, 0.0], [0.030517578125, 0.06103515625, 0.1220703125, 0.244140625, 0.48828125, 0.9765625, 1.953125, 3.90625, 0.0, 0.0, 0.0, 0.0, 0.0, 0.0, 0.0, 0.0, 0.0, 0.0, 0.0, 0.0, 0.0, 0.0, 0.0, 0.0, 0.0, 0.0, 0.0, 0.0, 0.0, 0.0, 0.0, 0.0, 0.0, 0.0, 0.0, 0.0, 0.0, 0.0, 0.0, 0.0, 0.006103515625, 0.01220703125, 0.0244140625, -0.576171875, 0.09765625, 0.1953125, 0.390625, 0.78125, 0.0, 0.0, 0.0, 0.0, 0.0, 0.0, 0.0, 0.0, 0.0, 0.0, 0.0, 0.0, 0.0, 0.0, 0.0, 0.0], [0.06103515625, 0.1220703125, 0.244140625, 0.48828125, 0.9765625, 1.953125, 3.90625, 7.8125, 0.0, 0.0, 0.0, 0.0, 0.0, 0.0, 0.0, 0.0, 0.0, 0.0, 0.0, 0.0, 0.0, 0.0, 0.0, 0.0, 0.0, 0.0, 0.0, 0.0, 0.0, 0.0, 0.0, 0.0, 0.0, 0.0, 0.0, 0.0, 0.0, 0.0, 0.0, 0.0, 0.01220703125, 0.0244140625, 0.048828125, 0.09765625, -1.0546875, 0.390625, 0.78125, 1.5625, 0.0, 0.0, 0.0, 0.0, 0.0, 0.0, 0.0, 0.0, 0.0, 0.0, 0.0, 0.0, 0.0, 0.0, 0.0, 0.0], [0.1220703125, 0.244140625, 0.48828125, 0.9765625, 1.953125, 3.90625, 7.8125, 15.625, 0.0, 0.0, 0.0, 0.0, 0.0, 0.0, 0.0, 0.0, 0.0, 0.0, 0.0, 0.0, 0.0, 0.0, 0.0, 0.0, 0.0, 0.0, 0.0, 0.0, 0.0, 0.0, 0.0, 0.0, 0.0, 0.0, 0.0, 0.0, 0.0, 0.0, 0.0, 0.0, 0.0244140625, 0.048828125, 0.09765625, 0.1953125, 0.390625, -1.71875, 1.5625, 3.125, 0.0, 0.0, 0.0, 0.0, 0.0, 0.0, 0.0, 0.0, 0.0, 0.0, 0.0, 0.0, 0.0, 0.0, 0.0, 0.0], [0.244140625, 0.48828125, 0.9765625, 1.953125, 3.90625, 7.8125, 15.625, 31.25, 0.0, 0.0, 0.0, 0.0, 0.0, 0.0, 0.0, 0.0, 0.0, 0.0, 0.0, 0.0, 0.0, 0.0, 0.0, 0.0, 0.0, 0.0, 0.0, 0.0, 0.0, 0.0, 0.0, 0.0, 0.0, 0.0, 0.0, 0.0, 0.0, 0.0, 0.0, 0.0, 0.048828125, 0.09765625, 0.1953125, 0.390625, 0.78125, 1.5625, -1.8750001192092896, 6.25, 0.0, 0.0, 0.0, 0.0, 0.0, 0.0, 0.0, 0.0, 0.0, 0.0, 0.0, 0.0, 0.0, 0.0, 0.0, 0.0], [0.4882812