{"size": [64, 64], "args": [["A04.csv", "A05.csv", "A06.csv", "A07.csv", "A22.csv"], 0.2, 0.4, 0.4, 0.1, 6, [64, 32, 16], [[100.0, 100.0, 100.0, 100.0], [10.0, 10.0, 10.0, 10.0], [50.0, 50.0, 50.0, 50.0], [200.0, 200.0, 200.0, 200.0]]], "c": [10.0, 10.0, 10.0, 10.0], "tag": "r3-4-5-6-21-0.2-0.4-0.4-0.1-6-10.0-10.0-10.0-10.0-64x64", "data:": {"q": {"x1": [0.0], "x2": [0.0], "x3": [0.234375], "x4": [0.234375], "x5": [0.0625]}, "program": "minimize(list(x1,x2,x3,x4,x5),((2.65439652e-05*x1*x1)+(-3.405669741293061e-05*x1*x2)+(-9.083916269246436e-06*x1*x3)+(4.656196699000513e-06*x1*x4)+(-8.615382550664633e-07*x1*x5)+(-3.405669741293061e-05*x2*x1)+(0.0001038085885*x2*x2)+(1.744292639127286e-05*x2*x3)+(6.361017545013345e-05*x2*x4)+(-3.621605967347192e-06*x2*x5)+(-9.083916269246436e-06*x3*x1)+(1.744292639127286e-05*x3*x2)+(4.97816213e-06*x3*x3)+(-4.6915687433500846e-07*x3*x4)+(1.5614702905659364e-06*x3*x5)+(4.656196699000513e-06*x4*x1)+(6.361017545013345e-05*x4*x2)+(-4.6915687433500846e-07*x4*x3)+(0.0001050570035*x4*x4)+(-1.2939135547254911e-05*x4*x5)+(-8.615382550664633e-07*x5*x1)+(-3.621605967347192e-06*x5*x2)+(1.5614702905659364e-06*x5*x3)+(-1.2939135547254911e-05*x5*x4)+(2.65894021e-06*x5*x5)-((-0.01*x1)+(-0.01*x2)+(-0.005*x3)+(-0.0075*x4)+(-0.02*x5))))\n & label('total', x1+x2+x3+x4+x5==1.0) & \nlabel('eqlimit', (0.0*x1)+(0.0*x2)+(0.0*x3)+(0.0*x4)+(5.0*x5)<1.0) & \nlabel('filimit', (0.0*x1)+(2.5*x2)+(2.5*x3)+(0.0*x4)+(0.0*x5)<1.0) & \nlabel('xxxlimit', (2.5*x1)+(0.0*x2)+(0.0*x3)+(2.5*x4)+(0.0*x5)<1.0)", "matrix": [[-0.15220458805561066, 0.0079345703125, 0.015869140625, 0.03173828125, 0.0634765625, 0.126953125, 0.25390625, 0.5078125, 0.0001525876868981868, 0.0003051753737963736, 0.0006103507475927472, 0.0012207014951854944, 0.002441402990370989, 0.004882805980741978, 0.009765611961483955, 0.01953122392296791, 0.00015258791972883046, 0.0003051758394576609, 0.0006103516789153218, 0.0012207033578306437, 0.0024414067156612873, 0.004882813431322575, 0.00976562686264515, 0.0195312537252903, 0.0001525878324173391, 0.0003051756648346782, 0.0006103513296693563, 0.0012207026593387127, 0.0024414053186774254, 0.004882810637354851, 0.009765621274709702, 0.019531242549419403, 0.00015258787607308477, 0.00030517575214616954, 0.0006103515042923391, 0.0012207030085846782, 0.0024414060171693563, 0.004882812034338713, 0.009765624068677425, 0.01953124813735485, 0.000762939453125, 0.00152587890625, 0.0030517578125, 0.006103515625, 0.01220703125, 0.0244140625, 0.048828125, 0.09765625, 0.0, 0.0, 0.0, 0.0, 0.0, 0.0, 0.0, 0.0, 0.0, 0.0, 0.0, 0.0, 0.0, 0.0, 0.0, 0.0], [0.0079345703125, -0.2964746057987213, 0.03173828125, 0.0634765625, 0.126953125, 0.25390625, 0.5078125, 1.015625, 0.0003051753737963736, 0.0006103507475927472, 0.0012207014951854944, 0.002441402990370989, 0.004882805980741978, 0.009765611961483955, 0.01953122392296791, 0.03906244784593582, 0.0003051758394576609, 0.0006103516789153218, 0.0012207033578306437, 0.0024414067156612873, 0.004882813431322575, 0.00976562686264515, 0.0195312537252903, 0.0390625074505806, 0.0003051756648346782, 0.0006103513296693563, 0.0012207026593387127, 0.0024414053186774254, 0.004882810637354851, 0.009765621274709702, 0.019531242549419403, 0.039062485098838806, 0.00030517575214616954, 0.0006103515042923391, 0.0012207030085846782, 0.0024414060171693563, 0.004882812034338713, 0.009765624068677425, 0.01953124813735485, 0.0390624962747097, 0.00152587890625, 0.0030517578125, 0.006103515625, 0.01220703125, 0.0244140625, 0.048828125, 0.09765625, 0.1953125, 0.0, 0.0, 0.0, 0.0, 0.0, 0.0, 0.0, 0.0, 0.0, 0.0, 0.0, 0.0, 0.0, 0.0, 0.0, 0.0], [0.015869140625, 0.03173828125, -0.5612109303474426, 0.126953125, 0.25390625, 0.5078125, 1.015625, 2.03125, 0.0006103507475927472, 0.0012207014951854944, 0.002441402990370989, 0.004882805980741978, 0.009765611961483955, 0.01953122392296791, 0.03906244784593582, 0.07812489569187164, 0.0006103516789153218, 0.0012207033578306437, 0.0024414067156612873, 0.004882813431322575, 0.00976562686264515, 0.0195312537252903, 0.0390625074505806, 0.0781250149011612, 0.0006103513296693563, 0.0012207026593387127, 0.0024414053186774254, 0.004882810637354851, 0.009765621274709702, 0.019531242549419403, 0.039062485098838806, 0.07812497019767761, 0.0006103515042923391, 0.0012207030085846782, 0.0024414060171693563, 0.004882812034338713, 0.009765624068677425, 0.01953124813735485, 0.0390624962747097, 0.0781249925494194, 0.0030517578125, 0.006103515625, 0.01220703125, 0.0244140625, 0.048828125, 0.09765625, 0.1953125, 0.390625, 0.0, 0.0, 0.0, 0.0, 0.0, 0.0, 0.0, 0.0, 0.0, 0.0, 0.0, 0.0, 0.0, 0.0, 0.0, 0.0], [0.03173828125, 0.0634765625, 0.126953125, -0.9954687356948853, 0.5078125, 1.015625, 2.03125, 4.0625, 0.0012207014951854944, 0.002441402990370989, 0.004882805980741978, 0.009765611961483955, 0.01953122392296791, 0.03906244784593582, 0.07812489569187164, 0.1562497913837433, 0.0012207033578306437, 0.0024414067156612873, 0.004882813431322575, 0.00976562686264515, 0.0195312537252903, 0.0390625074505806, 0.0781250149011612, 0.1562500298023224, 0.0012207026593387127, 0.0024414053186774254, 0.004882810637354851, 0.009765621274709702, 0.019531242549419403, 0.039062485098838806, 0.07812497019767761, 0.15624994039535522, 0.0012207030085846782, 0.0024414060171693563, 0.004882812034338713, 0.009765624068677425, 0.01953124813735485, 0.0390624962747097, 0.0781249925494194, 0.1562499850988388, 0.006103515625, 0.01220703125, 0.0244140625, 0.048828125, 0.09765625, 0.1953125, 0.390625, 0.78125, 0.0, 0.0, 0.0, 0.0, 0.0, 0.0, 0.0, 0.0, 0.0, 0.0, 0.0, 0.0, 0.0, 0.0, 0.0, 0.0], [0.0634765625, 0.126953125, 0.25390625, 0.5078125, -1.4831249713897705, 2.03125, 4.0625, 8.125, 0.002441402990370989, 0.004882805980741978, 0.009765611961483955, 0.01953122392296791, 0.03906244784593582, 0.07812489569187164, 0.1562497913837433, 0.3124995827674866, 0.0024414067156612873, 0.004882813431322575, 0.00976562686264515, 0.0195312537252903, 0.0390625074505806, 0.0781250149011612, 0.1562500298023224, 0.3125000596046448, 0.0024414053186774254, 0.004882810637354851, 0.009765621274709702, 0.019531242549419403, 0.039062485098838806, 0.07812497019767761, 0.15624994039535522, 0.31249988079071045, 0.0024414060171693563, 0.004882812034338713, 0.009765624068677425, 0.01953124813735485, 0.0390624962747097, 0.0781249925494194, 0.1562499850988388, 0.3124999701976776, 0.01220703125, 0.0244140625, 0.048828125, 0.09765625, 0.1953125, 0.390625, 0.78125, 1.5625, 0.0, 0.0, 0.0, 0.0, 0.0, 0.0, 0.0, 0.0, 0.0, 0.0, 0.0, 0.0, 0.0, 0.0, 0.0, 0.0], [0.126953125, 0.25390625, 0.5078125, 1.015625, 2.03125, -0.934999942779541, 8.125, 16.25, 0.004882805980741978, 0.009765611961483955, 0.01953122392296791, 0.03906244784593582, 0.07812489569187164, 0.1562497913837433, 0.3124995827674866, 0.6249991655349731, 0.004882813431322575, 0.00976562686264515, 0.0195312537252903, 0.0390625074505806, 0.0781250149011612, 0.1562500298023224, 0.3125000596046448, 0.6250001192092896, 0.004882810637354851, 0.009765621274709702, 0.019531242549419403, 0.039062485098838806, 0.07812497019767761, 0.15624994039535522, 0.31249988079071045, 0.6249997615814209, 0.004882812034338713, 0.009765624068677425, 0.01953124813735485, 0.0390624962747097, 0.0781249925494194, 0.1562499850988388, 0.3124999701976776, 0.6249999403953552, 0.0244140625, 0.048828125, 0.09765625, 0.1953125, 0.390625, 0.78125, 1.5625, 3.125, 0.0, 0.0, 0.0, 0.0, 0.0, 0.0, 0.0, 0.0, 0.0, 0.0, 0.0, 0.0, 0.0, 0.0, 0.0, 0.0], [0.25390625, 0.5078125, 1.015625, 2.03125, 4.0625, 8.125, 6.255000114440918, 32.5, 0.009765611961483955, 0.01953122392296791, 0.03906244784593582, 0.07812489569187164, 0.1562497913837433, 0.3124995827674866, 0.6249991655349731, 1.2499983310699463, 0.00976562686264515, 0.0195312537252903, 0.0390625074505806, 0.0781250149011612, 0.1562500298023224, 0.3125000596046448, 0.6250001192092896, 1.250000238418579, 0.009765621274709702, 0.019531242549419403, 0.039062485098838806, 0.07812497019767761, 0.15624994039535522, 0.31249988079071045, 0.6249997615814209, 1.2499995231628418, 0.009765624068677425, 0.01953124813735485, 0.0390624962747097, 0.0781249925494194, 0.1562499850988388, 0.3124999701976776, 0.6249999403953552, 1.2499998807907104, 0.048828125, 0.09765625, 0.1953125, 0.390625, 0.78125, 1.5625, 3.125, 6.25, 0.0, 0.0, 0.0, 0.0, 0.0, 0.0, 0.0, 0.0, 0.0, 0.0, 0.0, 0.0, 0.0, 0.0, 0.0, 0.0], [0.5078125, 1.015625, 2.03125, 4.0625, 8.125, 16.25, 32.5, 45.01000213623047, 0.01953122392296791, 0.03906244784593582, 0.07812489569187164, 0.1562497913837433, 0.3124995827674866, 0.6249991655349731, 1.2499983310699463, 2.4999966621398926, 0.0195312537252903, 0.0390625074505806, 0.0781250149011612, 0.1562500298023224, 0.3125000596046448, 0.6250001192092896, 1.250000238418579, 2.500000476837158, 0.019531242549419403, 0.039062485098838806, 0.07812497019767761, 0.15624994039535522, 0.31249988079071045, 0.6249997615814209, 1.2499995231628418, 2.4999990463256836, 0.01953124813735485, 0.0390624962747097, 0.0781249925494194, 0.1562499850988388, 0.3124999701976776, 0.6249999403953552, 1.2499998807907104, 2.499999761581421, 0.09765625, 0.1953125, 0.390625, 0.78125, 1.5625, 3.125, 6.25, 12.5, 0.0, 0.0, 0.0, 0.0, 0.0, 0.0, 0.0, 0.0, 0.0, 0.0, 0.0, 0.0, 0.0, 0.0, 0.0, 0.0], [0.0001525876868981868, 0.0003051753737963736, 0.0006103507475927472, 0.0012207014951854944, 0.002441402990370989, 0.004882805980741978, 0.009765611961483955, 0.01953122392296791, -0.15511444211006165, 0.002212527673691511, 0.004425055347383022, 0.008850110694766045, 0.01770022138953209, 0.03540044277906418, 0.07080088555812836, 0.1416017711162567, 0.000152587890625, 0.00030517578125, 0.0006103515625, 0.001220703125, 0.00244140625, 0.0048828125, 0.009765625, 0.01953125, 0.0001525888656033203, 0.0003051777312066406, 0.0006103554624132812, 0.0012207109248265624, 0.002441421849653125, 0.00488284369930625, 0.0097656873986125, 0.019531374797225, 0.0011062623234465718, 0.0022125246468931437, 0.004425049293786287, 0.008850098587572575, 0.01770019717514515, 0.0354003943502903, 0.0708007887005806, 0.1416015774011612, 0.0, 0.0, 0.0, 0.0, 0.0, 0.0, 0.0, 0.0, 0.0, 0.0, 0.0, 0.0, 0.0, 0.0, 0.0, 0.0, 0.0003814697265625, 0.000762939453125, 0.00152587890625, 0.0030517578125, 0.006103515625, 0.01220703125, 0.0244140625, 0.048828125], [0.0003051753737963736, 0.0006103507475927472, 0.0012207014951854944, 0.002441402990370989, 0.004882805980741978, 0.009765611961483955, 0.01953122392296791, 0.03906244784593582, 0.002212527673691511, -0.3080163598060608, 0.008850110694766045, 0.01770022138953209, 0.03540044277906418, 0.07080088555812836, 0.1416017711162567, 0.2832035422325134, 0.00030517578125, 0.0006103515625, 0.001220703125, 0.00244140625, 0.0048828125, 0.009765625, 0.01953125, 0.0390625, 0.0003051777312066406, 0.0006103554624132812, 0.0012207109248265624, 0.002441421849653125, 0.00488284369930625, 0.0097656873986125, 0.019531374797225, 0.03906274959445, 0.0022125246468931437, 0.004425049293786287, 0.008850098587572575, 0.01770019717514515, 0.0354003943502903, 0.0708007887005806, 0.1416015774011612, 0.2832031548023224, 0.0, 0.0, 0.0, 0.0, 0.0, 0.0, 0.0, 0.0, 0.0, 0.0, 0.0, 0.0, 0.0, 0.0, 0.0, 0.0, 0.000762939453125, 0.00152587890625, 0.0030517578125, 0.006103515625, 0.01220703125, 0.0244140625, 0.048828125, 0.09765625], [0.0006103507475927472, 0.0012207014951854944, 0.002441402990370989, 0.004882805980741978, 0.009765611961483955, 0.01953122392296791, 0.03906244784593582, 0.07812489569187164, 0.004425055347383022, 0.008850110694766045, -0.6071826219558716, 0.03540044277906418, 0.07080088555812836, 0.1416017711162567, 0.2832035422325134, 0.5664070844650269, 0.0006103515625, 0.001220703125, 0.00244140625, 0.0048828125, 0.009765625, 0.01953125, 0.0390625, 0.078125, 0.0006103554624132812, 0.0012207109248265624, 0.002441421849653125, 0.00488284369930625, 0.0097656873986125, 0.019531374797225, 0.03906274959445, 0.0781254991889, 0.004425049293786287, 0.008850098587572575, 0.01770019717514515, 0.0354003943502903, 0.0708007887005806, 0.1416015774011612, 0.2832031548023224, 0.5664063096046448, 0.0, 0.0, 0.0, 0.0, 0.0, 0.0, 0.0, 0.0, 0.0, 0.0, 0.0, 0.0, 0.0, 0.0, 0.0, 0.0, 0.00152587890625, 0.0030517578125, 0.006103515625, 0.01220703125, 0.0244140625, 0.048828125, 0.09765625, 0.1953125], [0.0012207014951854944, 0.002441402990370989, 0.004882805980741978, 0.009765611961483955, 0.01953122392296791, 0.03906244784593582, 0.07812489569187164, 0.1562497913837433, 0.008850110694766045, 0.01770022138953209, 0.03540044277906418, -1.1789647340774536, 0.1416017711162567, 0.2832035422325134, 0.5664070844650269, 1.1328141689300537, 0.001220703125, 0.00244140625, 0.0048828125, 0.009765625, 0.01953125, 0.0390625, 0.078125, 0.15625, 0.0012207109248265624, 0.002441421849653125, 0.00488284369930625, 0.0097656873986125, 0.019531374797225, 0.03906274959445, 0.0781254991889, 0.1562509983778, 0.008850098587572575, 0.01770019717514515, 0.0354003943502903, 0.0708007887005806, 0.1416015774011612, 0.2832031548023224, 0.5664063096046448, 1.1328126192092896, 0.0, 0.0, 0.0, 0.0, 0.0, 0.0, 0.0, 0.0, 0.0, 0.0, 0.0, 0.0, 0.0, 0.0, 0.0, 0.0, 0.0030517578125, 0.006103515625, 0.01220703125, 0.0244140625, 0.048828125, 0.09765625, 0.1953125, 0.390625], [0.002441402990370989, 0.004882805980741978, 0.009765611961483955, 0.01953122392296791, 0.03906244784593582, 0.07812489569187164, 0.1562497913837433, 0.3124995827674866, 0.01770022138953209, 0.03540044277906418, 0.07080088555812836, 0.1416017711162567, -2.216327667236328, 0.5664070844650269, 1.1328141689300537, 2.2656283378601074, 0.00244140625, 0.0048828125, 0.009765625, 0.01953125, 0.0390625, 0.078125, 0.15625, 0.3125, 0.002441421849653125, 0.00488284369930625, 0.0097656873986125, 0.019531374797225, 0.03906274959445, 0.0781254991889, 0.1562509983778, 0.3125019967556, 0.01770019717514515, 0.0354003943502903, 0.0708007887005806, 0.1416015774011612, 0.2832031548023224, 0.5664063096046448, 1.1328126192092896, 2.265625238418579, 0.0, 0.0, 0.0, 0.0, 0.0, 0.0, 0.0, 0.0, 0.0, 0.0, 0.0, 0.0, 0.0, 0.0, 0.0, 0.0, 0.006103515625, 0.01220703125, 0.0244140625, 0.048828125, 0.09765625, 0.1953125, 0.390625, 0.78125], [0.004882805980741978, 0.009765611961483955, 0.01953122392296791, 0.03906244784593582, 0.07812489569187164, 0.1562497913837433, 0.3124995827674866, 0.6249991655349731, 0.03540044277906418, 0.07080088555812836, 0.1416017711162567, 0.2832035422325134, 0.5664070844650269, -3.866248369216919, 2.2656283378601074, 4.531256675720215, 0.0048828125, 0.009765625, 0.01953125, 0.0390625, 0.078125, 0.15625, 0.3125, 0.625, 0.00488284369930625, 0.0097656873986125, 0.019531374797225, 0.03906274959445, 0.0781254991889, 0.1562509983778, 0.3125019967556, 0.6250039935112, 0.0354003943502903, 0.0708007887005806, 0.1416015774011612, 0.2832031548023224, 0.5664063096046448, 1.1328126192092896, 2.265625238418579, 4.531250476837158, 0.0, 0.0, 0.0, 0.0, 0.0, 0.0, 0.0, 0.0, 0.0, 0.0, 0.0, 0.0, 0.0, 0.0, 0.0, 0.0, 0.01220703125, 0.0244140625, 0.048828125, 0.09765625, 0.1953125, 0.390625, 0.78125, 1.5625], [0.009765611961483955, 0.01953122392296791, 0.03906244784593582, 0.07812489569187164, 0.1562497913837433, 0.3124995827674866, 0.6249991655349731, 1.2499983310699463, 0.07080088555812836, 0.1416017711162567, 0.2832035422325134, 0.5664070844650269, 1.1328141689300537, 2.2656283378601074, -5.4668684005737305, 9.06251335144043, 0.009765625, 0.01953125, 0.0390625, 0.078125, 0.15625, 0.3125, 0.625, 1.25, 0.0097656873986125, 0.019531374797225, 0.03906274959445, 0.0781254991889, 0.1562509983778, 0.3125019967556, 0.6250039935112, 1.2500079870224, 0.0708007887005806, 0.1416015774011612, 0.2832031548023224, 0.5664063096046448, 1.1328126192092896, 2.265625238418579, 4.531250476837158, 9.062500953674316, 0.0, 0.0, 0.0, 0.0, 0.0, 0.0, 0.0, 0.0, 0.0, 0.0, 0.0, 0.0, 0.0, 0.0, 0.0, 0.0, 0.0244140625, 0.048828125, 0.09765625, 0.1953125, 0.390625, 0.78125, 1.5625, 3.125], [0.01953122392296791, 0.03906244784593582, 0.07812489569187164, 0.1562497913837433, 0.3124995827674866, 0.6249991655349731, 1.2499983310699463, 2.4999966621398926, 0.1416017711162567, 0.2832035422325134, 0.5664070844650269, 1.1328141689300537, 2.2656283378601074, 4.531256675720215, 9.06251335144043, -1.8712239265441895, 0.01953125, 0.0390625, 0.078125, 0.15625, 0.3125, 0.625, 1.25, 2.5, 0.019531374797225, 0.03906274959445, 0.0781254991889, 0.1562509983778, 0.3125019967556, 0.6250039935112, 1.2500079870224, 2.5000159740448, 0.1416015774011612, 0.2832031548023224, 0.5664063096046448, 1.1328126192092896, 2.265625238418579, 4.531250476837158, 9.062500953674316, 18.125001907348633, 0.0, 0.0, 0.0, 0.0, 0.0, 0.0, 0.0, 0.0, 0.0, 0.0, 0.0, 0.0, 0.0, 0.0, 0.0, 0.0, 0.048828125, 0.09765625, 0.1953125, 0.390625, 0.78125, 1.5625, 3.125, 6.25], [0.00015258791972883046, 0.0003051758394576609, 0.0006103516789153218, 0.0012207033578306437, 0.0024414067156612873, 0.004882813431322575, 0.00976562686264515, 0.0195312537252903, 0.000152587890625, 0.00030517578125, 0.0006103515625, 0.001220703125, 0.00244140625, 0.0048828125, 0.009765625, 0.01953125, -0.1551242172718048, 0.0022125246468931437, 0.004425049293786287, 0.008850098587572575, 0.01770019717514515, 0.0354003943502903, 0.0708007887005806, 0.1416015774011612, 0.0011062624398618937, 0.0022125248797237873, 0.004425049759447575, 0.00885009951889515, 0.0177001990377903, 0.0354003980755806, 0.0708007961511612, 0.1416015923023224, 0.00015258774510584772, 0.00030517549021169543, 0.0006103509804233909, 0.0012207019608467817, 0.0024414039216935635, 0.004882807843387127, 0.009765615686774254, 0.019531231373548508, 0.0, 0.0, 0.0, 0.0, 0.0, 0.0, 0.0, 0.0, 0.0003814697265625, 0.000762939453125, 0.00152587890625, 0.0030517578125, 0.006103515625, 0.01220703125, 0.0244140625, 0.048828125, 0.0, 0.0, 0.0, 0.0, 0.0, 0.0, 0.0, 0.0], [0.0003051758394576609, 0.0006103516789153218, 0.0012207033578306437, 0.0024414067156612873, 0.004882813431322575, 0.00976562686264515, 0.0195312537252903, 0.0390625074505806, 0.00030517578125, 0.0006103515625, 0.001220703125, 0.00244140625, 0.0048828125, 0.009765625, 0.01953125, 0.0390625, 0.0022125246468931437, -0.3080359101295471, 0.008850098587572575, 0.01770019717514515, 0.0354003943502903, 0.0708007887005806, 0.1416015774011612, 0.2832031548023224, 0.0022125248797237873, 0.004425049759447575, 0.00885009951889515, 0.0177001990377903, 0.0354003980755806, 0.0708007961511612, 0.1416015923023224, 0.2832031846046448, 0.00030517549021169543, 0.0006103509804233909, 0.0012207019608467817, 0.0024414039216935635, 0.004882807843387127, 0.009765615686774254, 0.019531231373548508, 0.039062462747097015, 0.0, 0.0, 0.0, 0.0, 0.0, 0.0, 0.0, 0.0, 0.000762939453125, 0.00152587890625, 0.0030517578125, 0.006103515625, 0.01220703125, 0.0244140625, 0.048828125, 0.09765625, 0.0, 0.0, 0.0, 0.0, 0.0, 0.0, 0.0, 0.0], [0.0006103516789153218, 0.0012207033578306437, 0.0024414067156612873, 0.004882813431322575, 0.00976562686264515, 0.0195312537252903, 0.0390625074505806, 0.0781250149011612, 0.0006103515625, 0.001220703125, 0.00244140625, 0.0048828125, 0.009765625, 0.01953125, 0.0390625, 0.078125, 0.004425049293786287, 0.008850098587572575, -0.6072217226028442, 0.0354003943502903, 0.0708007887005806, 0.1416015774011612, 0.2832031548023224, 0.5664063096046448, 0.004425049759447575, 0.00885009951889515, 0.0177001990377903, 0.0354003980755806, 0.0708007961511612, 0.1416015923023224, 0.2832031846046448, 0.5664063692092896, 0.0006103509804233909, 0.0012207019608467817, 0.0024414039216935635, 0.004882807843387127, 0.009765615686774254, 0.019531231373548508, 0.039062462747097015, 0.07812492549419403, 0.0, 0.0, 0.0, 0.0, 0.0, 0.0, 0.0, 0.0, 0.00152587890625, 0.0030517578125, 0.006103515625, 0.01220703125, 0.0244140625, 0.048828125, 0.09765625, 0.1953125, 0.0, 0.0, 0.0, 0.0, 0.0, 0.0, 0.0, 0.0], [0.0012207033578306437, 0.0024414067156612873, 0.004882813431322575, 0.00976562686264515, 0.0195312537252903, 0.0390625074505806, 0.0781250149011612, 0.1562500298023224, 0.001220703125, 0.00244140625, 0.0048828125, 0.009765625, 0.01953125, 0.0390625, 0.078125, 0.15625, 0.008850098587572575, 0.01770019717514515, 0.0354003943502903, -1.179042935371399, 0.1416015774011612, 0.2832031548023224, 0.5664063096046448, 1.1328126192092896, 0.00885009951889515, 0.0177001990377903, 0.0354003980755806, 0.0708007961511612, 0.1416015923023224, 0.2832031846046448, 0.5664063692092896, 1.132812738418579, 0.0012207019608467817, 0.0024414039216935635, 0.004882807843387127, 0.009765615686774254, 0.019531231373548508, 0.039062462747097015, 0.07812492549419403, 0.15624985098838806, 0.0, 0.0, 0.0, 0.0, 0.0, 0.0, 0.0, 0.0, 0.0030517578125, 0.006103515625, 0.01220703125, 0.0244140625, 0.048828125, 0.09765625, 0.1953125, 0.390625, 0.0, 0.0, 0.0, 0.0, 0.0, 0.0, 0.0, 0.0], [0.0024414067156612873, 0.004882813431322575, 0.00976562686264515, 0.0195312537252903, 0.0390625074505806, 0.0781250149011612, 0.1562500298023224, 0.3125000596046448, 0.00244140625, 0.0048828125, 0.009765625, 0.01953125, 0.0390625, 0.078125, 0.15625, 0.3125, 0.01770019717514515, 0.0354003943502903, 0.0708007887005806, 0.1416015774011612, -2.216484308242798, 0.5664063096046448, 1.1328126192092896, 2.265625238418579, 0.0177001990377903, 0.0354003980755806, 0.0708007961511612, 0.1416015923023224, 0.2832031846046448, 0.5664063692092896, 1.132812738418579, 2.265625476837158, 0.0024414039216935635, 0.004882807843387127, 0.009765615686774254, 0.019531231373548508, 0.039062462747097015, 0.07812492549419403, 0.15624985098838806, 0.3124997019767761, 0.0, 0.0, 0.0, 0.0, 0.0, 0.0, 0.0, 0.0, 0.006103515625, 0.01220703125, 0.0244140625, 0.048828125, 0.09765625, 0.1953125, 0.390625, 0.78125, 0.0, 0.0, 0.0, 0.0, 0.0, 0.0, 0.0, 0.0], [0.004882813431322575, 0.00976562686264515, 0.0195312537252903, 0.0390625074505806, 0.0781250149011612, 0.1562500298023224, 0.3125000596046448, 0.6250001192092896, 0.0048828125, 0.009765625, 0.01953125, 0.0390625, 0.078125, 0.15625, 0.3125, 0.625, 0.0354003943502903, 0.0708007887005806, 0.1416015774011612, 0.2832031548023224, 0.5664063096046448, -3.8665623664855957, 2.265625238418579, 4.531250476837158, 0.0354003980755806, 0.0708007961511612, 0.1416015923023224, 0.2832031846046448, 0.5664063692092896, 1.132812738418579, 2.265625476837158, 4.531250953674316, 0.004882807843387127, 0.009765615686774254, 0.019531231373548508, 0.039062462747097015, 0.07812492549419403, 0.15624985098838806, 0.3124997019767761, 0.6249994039535522, 0.0, 0.0, 0.0, 0.0, 0.0, 0.0, 0.0, 0.0, 0.01220703125, 0.0244140625, 0.048828125, 0.09765625, 0.1953125, 0.390625, 0.78125, 1.5625, 0.0, 0.0, 0.0, 0.0, 0.0, 0.0, 0.0, 0.0], [0.00976562686264515, 0.0195312537252903, 0.0390625074505806, 0.0781250149011612, 0.1562500298023224, 0.3125000596046448, 0.6250001192092896, 1.250000238418579, 0.009765625, 0.01953125, 0.0390625, 0.078125, 0.15625, 0.3125, 0.625, 1.25, 0.0708007887005806, 0.1416015774011612, 0.2832031548023224, 0.5664063096046448, 1.1328126192092896, 2.265625238418579, -5.467499732971191, 9.062500953674316, 0.0708007961511612, 0.1416015923023224, 0.2832031846046448, 0.5664063692092896, 1.132812738418579, 2.265625476837158, 4.531250953674316, 9.062501907348633, 0.009765615686774254, 0.019531231373548508, 0.039062462747097015, 0.07812492549419403, 0.15624985098838806, 0.3124997019767761, 0.6249994039535522, 1.2499988079071045, 0.0, 0.0, 0.0, 0.0, 0.0, 0.0, 0.0, 0.0, 0.0244140625, 0.048828125, 0.09765625, 0.1953125, 0.390625, 0.78125, 1.5625, 3.125, 0.0, 0.0, 0.0, 0.0, 0.0, 0.0, 0.0, 0.0], [0.0195312537252903, 0.0390625074505806, 0.0781250149011612, 0.1562500298023224, 0.3125000596046448, 0.6250001192092896, 1.250000238418579, 2.500000476837158, 0.01953125, 0.0390625, 0.078125, 0.15625, 0.3125, 0.625, 1.25, 2.5, 0.1416015774011612, 0.2832031548023224, 0.5664063096046448, 1.1328126192092896, 2.265625238418579, 4.531250476837158, 9.062500953674316, -1.8724989891052246, 0.1416015923023224, 0.2832031846046448, 0.5664063692092896, 1.132812738418579, 2.265625476837158, 4.531250953674316, 9.062501907348633, 18.125003814697266, 0.019531231373548508, 0.039062462747097015, 0.07812492549419403, 0.15624985098838806, 0.3124997019767761, 0.6249994039535522, 1.2499988079071045, 2.499997615814209, 0.0, 0.0, 0.0, 0.0, 0.0, 0.0, 0.0, 0.0, 0.048828125, 0.09765625, 0.1953125, 0.390625, 0.78125, 1.5625, 3.125, 6.25, 0.0, 0.0, 0.0, 0.0, 0.0, 0.0, 0.0, 0.0], [0.0001525878324173391, 0.0003051756648346782, 0.0006103513296693563, 0.0012207026593387127, 0.0024414053186774254, 0.004882810637354851, 0.009765621274709702, 0.019531242549419403, 0.0001525888656033203, 0.0003051777312066406, 0.0006103554624132812, 0.0012207109248265624, 0.002441421849653125, 0.00488284369930625, 0.0097656873986125, 0.019531374797225, 0.0011062624398618937, 0.0022125248797237873, 0.004425049759447575, 0.00885009951889515, 0.0177001990377903, 0.0354003980755806, 0.0708007961511612, 0.1416015923023224, -0.15510466694831848, 0.002212527673691511, 0.004425055347383022, 0.008850110694766045, 0.01770022138953209, 0.03540044277906418, 0.07080088555812836, 0.1416017711162567, 0.00015258736675605178, 0.00030517473351210356, 0.0006103494670242071, 0.0012206989340484142, 0.0024413978680968285, 0.004882795736193657, 0.009765591472387314, 0.019531182944774628, 0.0, 0.0, 0.0, 0.0, 0.0, 0.0, 0.0, 0.0, 0.0003814697265625, 0.000762939453125, 0.00152587890625, 0.0030517578125, 0.006103515625, 0.01220703125, 0.0244140625, 0.048828125, 0.0, 0.0, 0.0, 0.0, 0.0, 0.0, 0.0, 0.0], [0.0003051756648346782, 0.0006103513296693563, 0.0012207026593387127, 0.0024414053186774254, 0.004882810637354851, 0.009765621274709702, 0.019531242549419403, 0.039062485098838806, 0.0003051777312066406, 0.0006103554624132812, 0.0012207109248265624, 0.002441421849653125, 0.00488284369930625, 0.0097656873986125, 0.019531374797225, 0.03906274959445, 0.0022125248797237873, 0.004425049759447575, 0.00885009951889515, 0.0177001990377903, 0.0354003980755806, 0.0708007961511612, 0.1416015923023224, 0.2832031846046448, 0.002212527673691511, -0.30799680948257446, 0.008850110694766045, 0.01770022138953209, 0.03540044277906418, 0.07080088555812836, 0.1416017711162567, 0.2832035422325134, 0.00030517473351210356, 0.0006103494670242071, 0.0012206989340484142, 0.0024413978680968285, 0.004882795736193657, 0.009765591472387314, 0.019531182944774628, 0.039062365889549255, 0.0, 0.0, 0.0, 0.0, 0.0, 0.0, 0.0, 0.0, 0.000762939453125, 0.00152587890625, 0.0030517578125, 0.006103515625, 0.01220703125, 0.0244140625, 0.048828125, 0.09765625, 0.0, 0.0, 0.0, 0.0, 0.0, 0.0, 0.0, 0.0], [0.0006103513296693563, 0.0012207026593387127, 0.0024414053186774254, 0.004882810637354851, 0.009765621274709702, 0.019531242549419403, 0.039062485098838806, 0.07812497019767761, 0.0006103554624132812, 0.0012207109248265624, 0.002441421849653125, 0.00488284369930625, 0.0097656873986125, 0.019531374797225, 0.03906274959445, 0.0781254991889, 0.004425049759447575, 0.00885009951889515, 0.0177001990377903, 0.0354003980755806, 0.0708007961511612, 0.1416015923023224, 0.2832031846046448, 0.5664063692092896, 0.004425055347383022, 0.008850110694766045, -0.6071435213088989, 0.03540044277906418, 0.07080088555812836, 0.1416017711162567, 0.2832035422325134, 0.5664070844650269, 0.0006103494670242071, 0.0012206989340484142, 0.0024413978680968285, 0.004882795736193657, 0.009765591472387314, 0.019531182944774628, 0.039062365889549255, 0.07812473177909851, 0.0, 0.0, 0.0, 0.0, 0.0, 0.0, 0.0, 0.0, 0.00152587890625, 0.0030517578125, 0.006103515625, 0.01220703125, 0.0244140625, 0.048828125, 0.09765625, 0.1953125, 0.0, 0.0, 0.0, 0.0, 0.0, 0.0, 0.0, 0.0], [0.0012207026593387127, 0.0024414053186774254, 0.004882810637354851, 0.009765621274709702, 0.019531242549419403, 0.039062485098838806, 0.07812497019767761, 0.15624994039535522, 0.0012207109248265624, 0.002441421849653125, 0.00488284369930625, 0.0097656873986125, 0.019531374797225, 0.03906274959445, 0.0781254991889, 0.1562509983778, 0.00885009951889515, 0.0177001990377903, 0.0354003980755806, 0.0708007961511612, 0.1416015923023224, 0.2832031846046448, 0.5664063692092896, 1.132812738418579, 0.008850110694766045, 0.01770022138953209, 0.03540044277906418, -1.1788866519927979, 0.1416017711162567, 0.2832035422325134, 0.5664070844650269, 1.1328141689300537, 0.0012206989340484142, 0.0024413978680968285, 0.004882795736193657, 0.009765591472387314, 0.019531182944774628, 0.039062365889549255, 0.07812473177909851, 0.15624946355819702, 0.0, 0.0, 0.0, 0.0, 0.0, 0.0, 0.0, 0.0, 0.0030517578125, 0.006103515625, 0.01220703125, 0.0244140625, 0.048828125, 0.09765625, 0.1953125, 0.390625, 0.0, 0.0, 0.0, 0.0, 0.0, 0.0, 0.0, 0.0], [0.0024414053186774254, 0.004882810637354851, 0.009765621274709702, 0.019531242549419403, 0.039062485098838806, 0.07812497019767761, 0.15624994039535522, 0.31249988079071045, 0.002441421849653125, 0.00488284369930625, 0.0097656873986125, 0.019531374797225, 0.03906274959445, 0.0781254991889, 0.1562509983778, 0.3125019967556, 0.0177001990377903, 0.0354003980755806, 0.0708007961511612, 0.1416015923023224, 0.2832031846046448, 0.5664063692092896, 1.132812738418579, 2.265625476837158, 0.01770022138953209, 0.03540044277906418, 0.07080088555812836, 0.1416017711162567, -2.2161715030670166, 0.5664070844650269, 1.1328141689300537, 2.2656283378601074, 0.0024413978680968285, 0.004882795736193657, 0.009765591472387314, 0.019531182944774628, 0.039062365889549255, 0.07812473177909851, 0.15624946355819702, 0.31249892711639404, 0.0, 0.0, 0.0, 0.0, 0.0, 0.0, 0.0, 0.0, 0.006103515625, 0.01220703125, 0.0244140625, 0.048828125, 0.09765625, 0.1953125, 0.390625, 0.78125, 0.0, 0.0, 0.0, 0.0, 0.0, 0.0, 0.0, 0.0], [0.004882810637354851, 0.009765621274709702, 0.019531242549419403, 0.039062485098838806, 0.07812497019767761, 0.15624994039535522, 0.31249988079071045, 0.6249997615814209, 0.00488284369930625, 0.0097656873986125, 0.019531374797225, 0.03906274959445, 0.0781254991889, 0.1562509983778, 0.3125019967556, 0.6250039935112, 0.0354003980755806, 0.0708007961511612, 0.1416015923023224, 0.2832031846046448, 0.5664063692092896, 1.132812738418579, 2.265625476837158, 4.531250953674316, 0.03540044277906418, 0.07080088555812836, 0.1416017711162567, 0.2832035422325134, 0.5664070844650269, -3.865935802459717, 2.2656283378601074, 4.531256675720215, 0.004882795736193657, 0.009765591472387314, 0.019531182944774628, 0.039062365889549255, 0.07812473177909851, 0.15624946355819702, 0.31249892711639404, 0.6249978542327881, 0.0, 0.0, 0.0, 0.0, 0.0, 0.0, 0.0, 0.0, 0.01220703125, 0.0244140625, 0.048828125, 0.09765625, 0.1953125, 0.390625, 0.78125, 1.5625, 0.0, 0.0, 0.0, 0.0, 0.0, 0.0, 0.0, 0.0], [0.009765621274709702, 0.019531242549419403, 0.039062485098838806, 0.07812497019767761, 0.15624994039535522, 0.31249988079071045, 0.6249997615814209, 1.2499995231628418, 0.0097656873986125, 0.019531374797225, 0.03906274959445, 0.0781254991889, 0.1562509983778, 0.3125019967556, 0.6250039935112, 1.2500079870224, 0.0708007961511612, 0.1416015923023224, 0.2832031846046448, 0.5664063692092896, 1.132812738418579, 2.265625476837158, 4.531250953674316, 9.062501907348633, 0.07080088555812836, 0.1416017711162567, 0.2832035422325134, 0.5664070844650269, 1.1328141689300537, 2.2656283378601074, -5.466243743896484, 9.06251335144043, 0.009765591472387314, 0.019531182944774628, 0.039062365889549255, 0.07812473177909851, 0.15624946355819702, 0.31249892711639404, 0.6249978542327881, 1.2499957084655762, 0.0, 0.0, 0.0, 0.0, 0.0, 0.0, 0.0, 0.0, 0.0244140625, 0.048828125, 0.09765625, 0.1953125, 0.390625, 0.78125, 1.5625, 3.125, 0.0, 0.0, 0.0, 0.0, 0.0, 0.0, 0.0, 0.0], [0.019531242549419403, 0.039062485098838806, 0.07812497019767761, 0.15624994039535522, 0.31249988079071045, 0.6249997615814209, 1.2499995231628418, 2.4999990463256836, 0.019531374797225, 0.03906274959445, 0.0781254991889, 0.1562509983778, 0.3125019967556, 0.6250039935112, 1.2500079870224, 2.5000159740448, 0.1416015923023224, 0.2832031846046448, 0.5664063692092896, 1.132812738418579, 2.265625476837158, 4.531250953674316, 9.062501907348633, 18.125003814697266, 0.1416017711162567, 0.2832035422325134, 0.5664070844650269, 1.1328141689300537, 2.2656283378601074, 4.531256675720215, 9.06251335144043, -1.869974136352539, 0.019531182944774628, 0.039062365889549255, 0.07812473177909851, 0.15624946355819702, 0.31249892711639404, 0.6249978542327881, 1.2499957084655762, 2.4999914169311523, 0.0, 0.0, 0.0, 0.0, 0.0, 0.0, 0.0, 0.0, 0.048828125, 0.09765625, 0.1953125, 0.390625, 0.78125, 1.5625, 3.125, 6.25, 0.0, 0.0, 0.0, 0.0, 0.0, 0.0, 0.0, 0.0], [0.00015258787607308477, 0.00030517575214616954, 0.0006103515042923391, 0.0012207030085846782, 0.0024414060171693563, 0.004882812034338713, 0.009765624068677425, 0.01953124813735485, 0.0011062623234465718, 0.0022125246468931437, 0.004425049293786287, 0.008850098587572575, 0.01770019717514515, 0.0354003943502903, 0.0708007887005806, 0.1416015774011612, 0.00015258774510584772, 0.00030517549021169543, 0.0006103509804233909, 0.0012207019608467817, 0.0024414039216935635, 0.004882807843387127, 0.009765615686774254, 0.019531231373548508, 0.00015258736675605178, 0.00030517473351210356, 0.0006103494670242071, 0.0012206989340484142, 0.0024413978680968285, 0.004882795736193657, 0.009765591472387314, 0.019531182944774628, -0.15510466694831848, 0.0022125253453850746, 0.004425050690770149, 0.008850101381540298, 0.017700202763080597, 0.035400405526161194, 0.07080081105232239, 0.14160162210464478, 0.0, 0.0, 0.0, 0.0, 0.0, 0.0, 0.0, 0.0, 0.0, 0.0, 0.0, 0.0, 0.0, 0.0, 0.0, 0.0, 0.0003814697265625, 0.000762939453125, 0.00152587890625, 0.0030517578125, 0.006103515625, 0.01220703125, 0.0244140625, 0.048828125], [0.00030517575214616954, 0.0006103515042923391, 0.0012207030085846782, 0.0024414060171693563, 0.004882812034338713, 0.009765624068677425, 0.01953124813735485, 0.0390624962747097, 0.0022125246468931437, 0.004425049293786287, 0.008850098587572575, 0.01770019717514515, 0.0354003943502903, 0.0708007887005806, 0.1416015774011612, 0.2832031548023224, 0.00030517549021169543, 0.0006103509804233909, 0.0012207019608467817, 0.0024414039216935635, 0.004882807843387127, 0.009765615686774254, 0.019531231373548508, 0.039062462747097015, 0.00030517473351210356, 0.0006103494670242071, 0.0012206989340484142, 0.0024413978680968285, 0.004882795736193657, 0.009765591472387314, 0.019531182944774628, 0.039062365889549255, 0.0022125253453850746, -0.30799680948257446, 0.008850101381540298, 0.017700202763080597, 0.035400405526161194, 0.07080081105232239, 0.14160162210464478, 0.28320324420928955, 0.0, 0.0, 0.0, 0.0, 0.0, 0.0, 0.0, 0.0, 0.0, 0.0, 0.0, 0.0, 0.0, 0.0, 0.0, 0.0, 0.000762939453125, 0.00152587890625, 0.0030517578125, 0.006103515625, 0.01220703125, 0.0244140625, 0.048828125, 0.09765625], [0.0006103515042923391, 0.0012207030085846782, 0.0024414060171693563, 0.004882812034338713, 0.009765624068677425, 0.01953124813735485, 0.0390624962747097, 0.0781249925494194, 0.004425049293786287, 0.008850098587572575, 0.01770019717514515, 0.0354003943502903, 0.0708007887005806, 0.1416015774011612, 0.2832031548023224, 0.5664063096046448, 0.0006103509804233909, 0.0012207019608467817, 0.0024414039216935635, 0.004882807843387127, 0.009765615686774254, 0.019531231373548508, 0.039062462747097015, 0.07812492549419403, 0.0006103494670242071, 0.0012206989340484142, 0.0024413978680968285, 0.004882795736193657, 0.009765591472387314, 0.019531182944774628, 0.039062365889549255, 0.07812473177909851, 0.004425050690770149, 0.008850101381540298, -0.6071435213088989, 0.035400405526161194, 0.07080081105232239, 0.14160162210464478, 0.28320324420928955, 0.5664064884185791, 0.0, 0.0, 0.0, 0.0, 0.0, 0.0, 0.0, 0.0, 0.0, 0.0, 0.0, 0.0, 0.0, 0.0, 0.0, 0.0, 0.00152587890625, 0.0030517578125, 0.006103515625, 0.01220703125, 0.0244140625, 0.048828125, 0.09765625, 0.1953125], [0.0012207030085846782, 0.0024414060171693563, 0.004882812034338713, 0.009765624068677425, 0.01953124813735485, 0.0390624962747097, 0.0781249925494194, 0.1562499850988388, 0.008850098587572575, 0.01770019717514515, 0.0354003943502903, 0.0708007887005806, 0.1416015774011612, 0.2832031548023224, 0.5664063096046448, 1.1328126192092896, 0.0012207019608467817, 0.0024414039216935635, 0.004882807843387127, 0.009765615686774254, 0.019531231373548508, 0.039062462747097015, 0.07812492549419403, 0.15624985098838806, 0.0012206989340484142, 0.0024413978680968285, 0.004882795736193657, 0.009765591472387314, 0.019531182944774628, 0.039062365889549255, 0.07812473177909851, 0.15624946355819702, 0.008850101381540298, 0.017700202763080597, 0.035400405526161194, -1.1788866519927979, 0.14160162210464478, 0.28320324420928955, 0.5664064884185791, 1.1328129768371582, 0.0, 0.0, 0.0, 0.0, 0.0, 0.0, 0.0, 0.0, 0.0, 0.0, 0.0, 0.0, 0.0, 0.0, 0.0, 0.0, 0.0030517578125, 0.006103515625, 0.01220703125, 0.0244140625, 0.048828125, 0.09765625, 0.1953125, 0.390625], [0.0024414060171693563, 0.004882812034338713, 0.009765624068677425, 0.01953124813735485, 0.0390624962747097, 0.0781249925494194, 0.1562499850988388, 0.3124999701976776, 0.01770019717514515, 0.0354003943502903, 0.0708007887005806, 0.1416015774011612, 0.2832031548023224, 0.5664063096046448, 1.1328126192092896, 2.265625238418579, 0.0024414039216935635, 0.004882807843387127, 0.009765615686774254, 0.019531231373548508, 0.039062462747097015, 0.07812492549419403, 0.15624985098838806, 0.3124997019767761, 0.0024413978680968285, 0.004882795736193657, 0.009765591472387314, 0.019531182944774628, 0.039062365889549255, 0.07812473177909851, 0.15624946355819702, 0.31249892711639404, 0.017700202763080597, 0.035400405526161194, 0.07080081105232239, 0.14160162210464478, -2.2161717414855957, 0.5664064884185791, 1.1328129768371582, 2.2656259536743164, 0.0, 0.0, 0.0, 0.0, 0.0, 0.0, 0.0, 0.0, 0.0, 0.0, 0.0, 0.0, 0.0, 0.0, 0.0, 0.0, 0.006103515625, 0.01220703125, 0.0244140625, 0.048828125, 0.09765625, 0.1953125, 0.390625, 0.78125], [0.004882812034338713, 0.009765624068677425, 0.01953124813735485, 0.0390624962747097, 0.0781249925494194, 0.1562499850988388, 0.3124999701976776, 0.6249999403953552, 0.0354003943502903, 0.0708007887005806, 0.1416015774011612, 0.2832031548023224, 0.5664063096046448, 1.1328126192092896, 2.265625238418579, 4.531250476837158, 0.004882807843387127, 0.009765615686774254, 0.019531231373548508, 0.039062462747097015, 0.07812492549419403, 0.15624985098838806, 0.3124997019767761, 0.6249994039535522, 0.004882795736193657, 0.009765591472387314, 0.019531182944774628, 0.039062365889549255, 0.07812473177909851, 0.15624946355819702, 0.31249892711639404, 0.6249978542327881, 0.035400405526161194, 0.07080081105232239, 0.14160162210464478, 0.28320324420928955, 0.5664064884185791, -3.8659369945526123, 2.2656259536743164, 4.531251907348633, 0.0, 0.0, 0.0, 0.0, 0.0, 0.0, 0.0, 0.0, 0.0, 0.0, 0.0, 0.0, 0.0, 0.0, 0.0, 0.0, 0.01220703125, 0.0244140625, 0.048828125, 0.09765625, 0.1953125, 0.390625, 0.78125, 1.5625], [0.009765624068677425, 0.01953124813735485, 0.0390624962747097, 0.0781249925494194, 0.1562499850988388, 0.3124999701976776, 0.6249999403953552, 1.2499998807907104, 0.0708007887005806, 0.1416015774011612, 0.2832031548023224, 0.5664063096046448, 1.1328126192092896, 2.265625238418579, 4.531250476837158, 9.062500953674316, 0.009765615686774254, 0.019531231373548508, 0.039062462747097015, 0.07812492549419403, 0.15624985098838806, 0.3124997019767761, 0.6249994039535522, 1.2499988079071045, 0.009765591472387314, 0.019531182944774628, 0.039062365889549255, 0.07812473177909851, 0.15624946355819702, 0.31249892711639404, 0.6249978542327881, 1.2499957084655762, 0.07080081105232239, 0.14160162210464478, 0.28320324420928955, 0.5664064884185791, 1.1328129768371582, 2.2656259536743164, -5.466248512268066, 9.062503814697266, 0.0, 0.0, 0.0, 0.0, 0.0, 0.0, 0.0, 0.0, 0.0, 0.0, 0.0, 0.0, 0.0, 0.0, 0.0, 0.0, 0.0244140625, 0.048828125, 0.09765625, 0.1953125, 0.390625, 0.78125, 1.5625, 3.125], [0.01953124813735485, 0.0390624962747097, 0.0781249925494194, 0.1562499850988388, 0.3124999701976776, 0.6249999403953552, 1.2499998807907104, 2.499999761581421, 0.1416015774011612, 0.2832031548023224, 0.5664063096046448, 1.1328126192092896, 2.265625238418579, 4.531250476837158, 9.062500953674316, 1