{"size": [64, 64], "args": [["A04.csv", "A05.csv", "A06.csv", "A07.csv", "A22.csv"], 0.3, 0.5, 0.5, 0.1, 8, [64, 32, 16], [[100.0, 100.0, 100.0, 100.0], [10.0, 10.0, 10.0, 10.0], [50.0, 50.0, 50.0, 50.0], [200.0, 200.0, 200.0, 200.0]]], "c": [10.0, 10.0, 10.0, 10.0], "tag": "r3-4-5-6-21-0.3-0.5-0.5-0.1-8-10.0-10.0-10.0-10.0-64x64", "data:": {"q": {"x1": [0.0], "x2": [0.0], "x3": [0.28515625], "x4": [0.28515625], "x5": [0.08984375]}, "program": "minimize(list(x1,x2,x3,x4,x5),((2.65439652e-05*x1*x1)+(-3.405669741293061e-05*x1*x2)+(-9.083916269246436e-06*x1*x3)+(4.656196699000513e-06*x1*x4)+(-8.615382550664633e-07*x1*x5)+(-3.405669741293061e-05*x2*x1)+(0.0001038085885*x2*x2)+(1.744292639127286e-05*x2*x3)+(6.361017545013345e-05*x2*x4)+(-3.621605967347192e-06*x2*x5)+(-9.083916269246436e-06*x3*x1)+(1.744292639127286e-05*x3*x2)+(4.97816213e-06*x3*x3)+(-4.6915687433500846e-07*x3*x4)+(1.5614702905659364e-06*x3*x5)+(4.656196699000513e-06*x4*x1)+(6.361017545013345e-05*x4*x2)+(-4.6915687433500846e-07*x4*x3)+(0.0001050570035*x4*x4)+(-1.2939135547254911e-05*x4*x5)+(-8.615382550664633e-07*x5*x1)+(-3.621605967347192e-06*x5*x2)+(1.5614702905659364e-06*x5*x3)+(-1.2939135547254911e-05*x5*x4)+(2.65894021e-06*x5*x5)-((-0.01*x1)+(-0.01*x2)+(-0.005*x3)+(-0.0075*x4)+(-0.02*x5))))\n & label('total', x1+x2+x3+x4+x5==1.0) & \nlabel('eqlimit', (0.0*x1)+(0.0*x2)+(0.0*x3)+(0.0*x4)+(3.3333333333333335*x5)<1.0) & \nlabel('filimit', (0.0*x1)+(2.0*x2)+(2.0*x3)+(0.0*x4)+(0.0*x5)<1.0) & \nlabel('xxxlimit', (2.0*x1)+(0.0*x2)+(0.0*x3)+(2.0*x4)+(0.0*x5)<1.0)", "matrix": [[-0.12828218936920166, 0.0036960176657885313, 0.007392035331577063, 0.014784070663154125, 0.02956814132630825, 0.0591362826526165, 0.118272565305233, 0.236545130610466, 0.0001525876868981868, 0.0003051753737963736, 0.0006103507475927472, 0.0012207014951854944, 0.002441402990370989, 0.004882805980741978, 0.009765611961483955, 0.01953122392296791, 0.00015258791972883046, 0.0003051758394576609, 0.0006103516789153218, 0.0012207033578306437, 0.0024414067156612873, 0.004882813431322575, 0.00976562686264515, 0.0195312537252903, 0.0001525878324173391, 0.0003051756648346782, 0.0006103513296693563, 0.0012207026593387127, 0.0024414053186774254, 0.004882810637354851, 0.009765621274709702, 0.019531242549419403, 0.00015258787607308477, 0.00030517575214616954, 0.0006103515042923391, 0.0012207030085846782, 0.0024414060171693563, 0.004882812034338713, 0.009765624068677425, 0.01953124813735485, 0.0005086262826807797, 0.0010172525653615594, 0.0020345051307231188, 0.0040690102614462376, 0.008138020522892475, 0.01627604104578495, 0.0325520820915699, 0.0651041641831398, 0.0, 0.0, 0.0, 0.0, 0.0, 0.0, 0.0, 0.0, 0.0, 0.0, 0.0, 0.0, 0.0, 0.0, 0.0, 0.0], [0.0036960176657885313, -0.2528683841228485, 0.014784070663154125, 0.02956814132630825, 0.0591362826526165, 0.118272565305233, 0.236545130610466, 0.473090261220932, 0.0003051753737963736, 0.0006103507475927472, 0.0012207014951854944, 0.002441402990370989, 0.004882805980741978, 0.009765611961483955, 0.01953122392296791, 0.03906244784593582, 0.0003051758394576609, 0.0006103516789153218, 0.0012207033578306437, 0.0024414067156612873, 0.004882813431322575, 0.00976562686264515, 0.0195312537252903, 0.0390625074505806, 0.0003051756648346782, 0.0006103513296693563, 0.0012207026593387127, 0.0024414053186774254, 0.004882810637354851, 0.009765621274709702, 0.019531242549419403, 0.039062485098838806, 0.00030517575214616954, 0.0006103515042923391, 0.0012207030085846782, 0.0024414060171693563, 0.004882812034338713, 0.009765624068677425, 0.01953124813735485, 0.0390624962747097, 0.0010172525653615594, 0.0020345051307231188, 0.0040690102614462376, 0.008138020522892475, 0.01627604104578495, 0.0325520820915699, 0.0651041641831398, 0.1302083283662796, 0.0, 0.0, 0.0, 0.0, 0.0, 0.0, 0.0, 0.0, 0.0, 0.0, 0.0, 0.0, 0.0, 0.0, 0.0, 0.0], [0.007392035331577063, 0.014784070663154125, -0.49095267057418823, 0.0591362826526165, 0.118272565305233, 0.236545130610466, 0.473090261220932, 0.946180522441864, 0.0006103507475927472, 0.0012207014951854944, 0.002441402990370989, 0.004882805980741978, 0.009765611961483955, 0.01953122392296791, 0.03906244784593582, 0.07812489569187164, 0.0006103516789153218, 0.0012207033578306437, 0.0024414067156612873, 0.004882813431322575, 0.00976562686264515, 0.0195312537252903, 0.0390625074505806, 0.0781250149011612, 0.0006103513296693563, 0.0012207026593387127, 0.0024414053186774254, 0.004882810637354851, 0.009765621274709702, 0.019531242549419403, 0.039062485098838806, 0.07812497019767761, 0.0006103515042923391, 0.0012207030085846782, 0.0024414060171693563, 0.004882812034338713, 0.009765624068677425, 0.01953124813735485, 0.0390624962747097, 0.0781249925494194, 0.0020345051307231188, 0.0040690102614462376, 0.008138020522892475, 0.01627604104578495, 0.0325520820915699, 0.0651041641831398, 0.1302083283662796, 0.2604166567325592, 0.0, 0.0, 0.0, 0.0, 0.0, 0.0, 0.0, 0.0, 0.0, 0.0, 0.0, 0.0, 0.0, 0.0, 0.0, 0.0], [0.014784070663154125, 0.02956814132630825, 0.0591362826526165, -0.9227690696716309, 0.236545130610466, 0.473090261220932, 0.946180522441864, 1.892361044883728, 0.0012207014951854944, 0.002441402990370989, 0.004882805980741978, 0.009765611961483955, 0.01953122392296791, 0.03906244784593582, 0.07812489569187164, 0.1562497913837433, 0.0012207033578306437, 0.0024414067156612873, 0.004882813431322575, 0.00976562686264515, 0.0195312537252903, 0.0390625074505806, 0.0781250149011612, 0.1562500298023224, 0.0012207026593387127, 0.0024414053186774254, 0.004882810637354851, 0.009765621274709702, 0.019531242549419403, 0.039062485098838806, 0.07812497019767761, 0.15624994039535522, 0.0012207030085846782, 0.0024414060171693563, 0.004882812034338713, 0.009765624068677425, 0.01953124813735485, 0.0390624962747097, 0.0781249925494194, 0.1562499850988388, 0.0040690102614462376, 0.008138020522892475, 0.01627604104578495, 0.0325520820915699, 0.0651041641831398, 0.1302083283662796, 0.2604166567325592, 0.5208333134651184, 0.0, 0.0, 0.0, 0.0, 0.0, 0.0, 0.0, 0.0, 0.0, 0.0, 0.0, 0.0, 0.0, 0.0, 0.0, 0.0], [0.02956814132630825, 0.0591362826526165, 0.118272565305233, 0.236545130610466, -1.6089930534362793, 0.946180522441864, 1.892361044883728, 3.784722089767456, 0.002441402990370989, 0.004882805980741978, 0.009765611961483955, 0.01953122392296791, 0.03906244784593582, 0.07812489569187164, 0.1562497913837433, 0.3124995827674866, 0.0024414067156612873, 0.004882813431322575, 0.00976562686264515, 0.0195312537252903, 0.0390625074505806, 0.0781250149011612, 0.1562500298023224, 0.3125000596046448, 0.0024414053186774254, 0.004882810637354851, 0.009765621274709702, 0.019531242549419403, 0.039062485098838806, 0.07812497019767761, 0.15624994039535522, 0.31249988079071045, 0.0024414060171693563, 0.004882812034338713, 0.009765624068677425, 0.01953124813735485, 0.0390624962747097, 0.0781249925494194, 0.1562499850988388, 0.3124999701976776, 0.008138020522892475, 0.01627604104578495, 0.0325520820915699, 0.0651041641831398, 0.1302083283662796, 0.2604166567325592, 0.5208333134651184, 1.0416666269302368, 0.0, 0.0, 0.0, 0.0, 0.0, 0.0, 0.0, 0.0, 0.0, 0.0, 0.0, 0.0, 0.0, 0.0, 0.0, 0.0], [0.0591362826526165, 0.118272565305233, 0.236545130610466, 0.473090261220932, 0.946180522441864, -2.27180552482605, 3.784722089767456, 7.569444179534912, 0.004882805980741978, 0.009765611961483955, 0.01953122392296791, 0.03906244784593582, 0.07812489569187164, 0.1562497913837433, 0.3124995827674866, 0.6249991655349731, 0.004882813431322575, 0.00976562686264515, 0.0195312537252903, 0.0390625074505806, 0.0781250149011612, 0.1562500298023224, 0.3125000596046448, 0.6250001192092896, 0.004882810637354851, 0.009765621274709702, 0.019531242549419403, 0.039062485098838806, 0.07812497019767761, 0.15624994039535522, 0.31249988079071045, 0.6249997615814209, 0.004882812034338713, 0.009765624068677425, 0.01953124813735485, 0.0390624962747097, 0.0781249925494194, 0.1562499850988388, 0.3124999701976776, 0.6249999403953552, 0.01627604104578495, 0.0325520820915699, 0.0651041641831398, 0.1302083283662796, 0.2604166567325592, 0.5208333134651184, 1.0416666269302368, 2.0833332538604736, 0.0, 0.0, 0.0, 0.0, 0.0, 0.0, 0.0, 0.0, 0.0, 0.0, 0.0, 0.0, 0.0, 0.0, 0.0, 0.0], [0.118272565305233, 0.236545130610466, 0.473090261220932, 0.946180522441864, 1.892361044883728, 3.784722089767456, -0.7588887214660645, 15.138888359069824, 0.009765611961483955, 0.01953122392296791, 0.03906244784593582, 0.07812489569187164, 0.1562497913837433, 0.3124995827674866, 0.6249991655349731, 1.2499983310699463, 0.00976562686264515, 0.0195312537252903, 0.0390625074505806, 0.0781250149011612, 0.1562500298023224, 0.3125000596046448, 0.6250001192092896, 1.250000238418579, 0.009765621274709702, 0.019531242549419403, 0.039062485098838806, 0.07812497019767761, 0.15624994039535522, 0.31249988079071045, 0.6249997615814209, 1.2499995231628418, 0.009765624068677425, 0.01953124813735485, 0.0390624962747097, 0.0781249925494194, 0.1562499850988388, 0.3124999701976776, 0.6249999403953552, 1.2499998807907104, 0.0325520820915699, 0.0651041641831398, 0.1302083283662796, 0.2604166567325592, 0.5208333134651184, 1.0416666269302368, 2.0833332538604736, 4.166666507720947, 0.0, 0.0, 0.0, 0.0, 0.0, 0.0, 0.0, 0.0, 0.0, 0.0, 0.0, 0.0, 0.0, 0.0, 0.0, 0.0], [0.236545130610466, 0.473090261220932, 0.946180522441864, 1.892361044883728, 3.784722089767456, 7.569444179534912, 15.138888359069824, 13.621110916137695, 0.01953122392296791, 0.03906244784593582, 0.07812489569187164, 0.1562497913837433, 0.3124995827674866, 0.6249991655349731, 1.2499983310699463, 2.4999966621398926, 0.0195312537252903, 0.0390625074505806, 0.0781250149011612, 0.1562500298023224, 0.3125000596046448, 0.6250001192092896, 1.250000238418579, 2.500000476837158, 0.019531242549419403, 0.039062485098838806, 0.07812497019767761, 0.15624994039535522, 0.31249988079071045, 0.6249997615814209, 1.2499995231628418, 2.4999990463256836, 0.01953124813735485, 0.0390624962747097, 0.0781249925494194, 0.1562499850988388, 0.3124999701976776, 0.6249999403953552, 1.2499998807907104, 2.499999761581421, 0.0651041641831398, 0.1302083283662796, 0.2604166567325592, 0.5208333134651184, 1.0416666269302368, 2.0833332538604736, 4.166666507720947, 8.333333015441895, 0.0, 0.0, 0.0, 0.0, 0.0, 0.0, 0.0, 0.0, 0.0, 0.0, 0.0, 0.0, 0.0, 0.0, 0.0, 0.0], [0.0001525876868981868, 0.0003051753737963736, 0.0006103507475927472, 0.0012207014951854944, 0.002441402990370989, 0.004882805980741978, 0.009765611961483955, 0.01953122392296791, -0.1398327648639679, 0.0015258821658790112, 0.0030517643317580223, 0.006103528663516045, 0.01220705732703209, 0.02441411465406418, 0.04882822930812836, 0.09765645861625671, 0.000152587890625, 0.00030517578125, 0.0006103515625, 0.001220703125, 0.00244140625, 0.0048828125, 0.009765625, 0.01953125, 0.0001525888656033203, 0.0003051777312066406, 0.0006103554624132812, 0.0012207109248265624, 0.002441421849653125, 0.00488284369930625, 0.0097656873986125, 0.019531374797225, 0.0007629395113326609, 0.0015258790226653218, 0.0030517580453306437, 0.006103516090661287, 0.012207032181322575, 0.02441406436264515, 0.0488281287252903, 0.0976562574505806, 0.0, 0.0, 0.0, 0.0, 0.0, 0.0, 0.0, 0.0, 0.0, 0.0, 0.0, 0.0, 0.0, 0.0, 0.0, 0.0, 0.00030517578125, 0.0006103515625, 0.001220703125, 0.00244140625, 0.0048828125, 0.009765625, 0.01953125, 0.0390625], [0.0003051753737963736, 0.0006103507475927472, 0.0012207014951854944, 0.002441402990370989, 0.004882805980741978, 0.009765611961483955, 0.01953122392296791, 0.03906244784593582, 0.0015258821658790112, -0.2781396508216858, 0.006103528663516045, 0.01220705732703209, 0.02441411465406418, 0.04882822930812836, 0.09765645861625671, 0.19531291723251343, 0.00030517578125, 0.0006103515625, 0.001220703125, 0.00244140625, 0.0048828125, 0.009765625, 0.01953125, 0.0390625, 0.0003051777312066406, 0.0006103554624132812, 0.0012207109248265624, 0.002441421849653125, 0.00488284369930625, 0.0097656873986125, 0.019531374797225, 0.03906274959445, 0.0015258790226653218, 0.0030517580453306437, 0.006103516090661287, 0.012207032181322575, 0.02441406436264515, 0.0488281287252903, 0.0976562574505806, 0.1953125149011612, 0.0, 0.0, 0.0, 0.0, 0.0, 0.0, 0.0, 0.0, 0.0, 0.0, 0.0, 0.0, 0.0, 0.0, 0.0, 0.0, 0.0006103515625, 0.001220703125, 0.00244140625, 0.0048828125, 0.009765625, 0.01953125, 0.0390625, 0.078125], [0.0006103507475927472, 0.0012207014951854944, 0.002441402990370989, 0.004882805980741978, 0.009765611961483955, 0.01953122392296791, 0.03906244784593582, 0.07812489569187164, 0.0030517643317580223, 0.006103528663516045, -0.5501757860183716, 0.02441411465406418, 0.04882822930812836, 0.09765645861625671, 0.19531291723251343, 0.39062583446502686, 0.0006103515625, 0.001220703125, 0.00244140625, 0.0048828125, 0.009765625, 0.01953125, 0.0390625, 0.078125, 0.0006103554624132812, 0.0012207109248265624, 0.002441421849653125, 0.00488284369930625, 0.0097656873986125, 0.019531374797225, 0.03906274959445, 0.0781254991889, 0.0030517580453306437, 0.006103516090661287, 0.012207032181322575, 0.02441406436264515, 0.0488281287252903, 0.0976562574505806, 0.1953125149011612, 0.3906250298023224, 0.0, 0.0, 0.0, 0.0, 0.0, 0.0, 0.0, 0.0, 0.0, 0.0, 0.0, 0.0, 0.0, 0.0, 0.0, 0.0, 0.001220703125, 0.00244140625, 0.0048828125, 0.009765625, 0.01953125, 0.0390625, 0.078125, 0.15625], [0.0012207014951854944, 0.002441402990370989, 0.004882805980741978, 0.009765611961483955, 0.01953122392296791, 0.03906244784593582, 0.07812489569187164, 0.1562497913837433, 0.006103528663516045, 0.01220705732703209, 0.02441411465406418, -1.0759373903274536, 0.09765645861625671, 0.19531291723251343, 0.39062583446502686, 0.7812516689300537, 0.001220703125, 0.00244140625, 0.0048828125, 0.009765625, 0.01953125, 0.0390625, 0.078125, 0.15625, 0.0012207109248265624, 0.002441421849653125, 0.00488284369930625, 0.0097656873986125, 0.019531374797225, 0.03906274959445, 0.0781254991889, 0.1562509983778, 0.006103516090661287, 0.012207032181322575, 0.02441406436264515, 0.0488281287252903, 0.0976562574505806, 0.1953125149011612, 0.3906250298023224, 0.7812500596046448, 0.0, 0.0, 0.0, 0.0, 0.0, 0.0, 0.0, 0.0, 0.0, 0.0, 0.0, 0.0, 0.0, 0.0, 0.0, 0.0, 0.00244140625, 0.0048828125, 0.009765625, 0.01953125, 0.0390625, 0.078125, 0.15625, 0.3125], [0.002441402990370989, 0.004882805980741978, 0.009765611961483955, 0.01953122392296791, 0.03906244784593582, 0.07812489569187164, 0.1562497913837433, 0.3124995827674866, 0.01220705732703209, 0.02441411465406418, 0.04882822930812836, 0.09765645861625671, -2.054218292236328, 0.39062583446502686, 0.7812516689300537, 1.5625033378601074, 0.00244140625, 0.0048828125, 0.009765625, 0.01953125, 0.0390625, 0.078125, 0.15625, 0.3125, 0.002441421849653125, 0.00488284369930625, 0.0097656873986125, 0.019531374797225, 0.03906274959445, 0.0781254991889, 0.1562509983778, 0.3125019967556, 0.012207032181322575, 0.02441406436264515, 0.0488281287252903, 0.0976562574505806, 0.1953125149011612, 0.3906250298023224, 0.7812500596046448, 1.5625001192092896, 0.0, 0.0, 0.0, 0.0, 0.0, 0.0, 0.0, 0.0, 0.0, 0.0, 0.0, 0.0, 0.0, 0.0, 0.0, 0.0, 0.0048828125, 0.009765625, 0.01953125, 0.0390625, 0.078125, 0.15625, 0.3125, 0.625], [0.004882805980741978, 0.009765611961483955, 0.01953122392296791, 0.03906244784593582, 0.07812489569187164, 0.1562497913837433, 0.3124995827674866, 0.6249991655349731, 0.02441411465406418, 0.04882822930812836, 0.09765645861625671, 0.19531291723251343, 0.39062583446502686, -3.717810869216919, 1.5625033378601074, 3.125006675720215, 0.0048828125, 0.009765625, 0.01953125, 0.0390625, 0.078125, 0.15625, 0.3125, 0.625, 0.00488284369930625, 0.0097656873986125, 0.019531374797225, 0.03906274959445, 0.0781254991889, 0.1562509983778, 0.3125019967556, 0.6250039935112, 0.02441406436264515, 0.0488281287252903, 0.0976562574505806, 0.1953125149011612, 0.3906250298023224, 0.7812500596046448, 1.5625001192092896, 3.125000238418579, 0.0, 0.0, 0.0, 0.0, 0.0, 0.0, 0.0, 0.0, 0.0, 0.0, 0.0, 0.0, 0.0, 0.0, 0.0, 0.0, 0.009765625, 0.01953125, 0.0390625, 0.078125, 0.15625, 0.3125, 0.625, 1.25], [0.009765611961483955, 0.01953122392296791, 0.03906244784593582, 0.07812489569187164, 0.1562497913837433, 0.3124995827674866, 0.6249991655349731, 1.2499983310699463, 0.04882822930812836, 0.09765645861625671, 0.19531291723251343, 0.39062583446502686, 0.7812516689300537, 1.5625033378601074, -5.8731184005737305, 6.25001335144043, 0.009765625, 0.01953125, 0.0390625, 0.078125, 0.15625, 0.3125, 0.625, 1.25, 0.0097656873986125, 0.019531374797225, 0.03906274959445, 0.0781254991889, 0.1562509983778, 0.3125019967556, 0.6250039935112, 1.2500079870224, 0.0488281287252903, 0.0976562574505806, 0.1953125149011612, 0.3906250298023224, 0.7812500596046448, 1.5625001192092896, 3.125000238418579, 6.250000476837158, 0.0, 0.0, 0.0, 0.0, 0.0, 0.0, 0.0, 0.0, 0.0, 0.0, 0.0, 0.0, 0.0, 0.0, 0.0, 0.0, 0.01953125, 0.0390625, 0.078125, 0.15625, 0.3125, 0.625, 1.25, 2.5], [0.01953122392296791, 0.03906244784593582, 0.07812489569187164, 0.1562497913837433, 0.3124995827674866, 0.6249991655349731, 1.2499983310699463, 2.4999966621398926, 0.09765645861625671, 0.19531291723251343, 0.39062583446502686, 0.7812516689300537, 1.5625033378601074, 3.125006675720215, 6.25001335144043, -5.4962239265441895, 0.01953125, 0.0390625, 0.078125, 0.15625, 0.3125, 0.625, 1.25, 2.5, 0.019531374797225, 0.03906274959445, 0.0781254991889, 0.1562509983778, 0.3125019967556, 0.6250039935112, 1.2500079870224, 2.5000159740448, 0.0976562574505806, 0.1953125149011612, 0.3906250298023224, 0.7812500596046448, 1.5625001192092896, 3.125000238418579, 6.250000476837158, 12.500000953674316, 0.0, 0.0, 0.0, 0.0, 0.0, 0.0, 0.0, 0.0, 0.0, 0.0, 0.0, 0.0, 0.0, 0.0, 0.0, 0.0, 0.0390625, 0.078125, 0.15625, 0.3125, 0.625, 1.25, 2.5, 5.0], [0.00015258791972883046, 0.0003051758394576609, 0.0006103516789153218, 0.0012207033578306437, 0.0024414067156612873, 0.004882813431322575, 0.00976562686264515, 0.0195312537252903, 0.000152587890625, 0.00030517578125, 0.0006103515625, 0.001220703125, 0.00244140625, 0.0048828125, 0.009765625, 0.01953125, -0.13984254002571106, 0.0015258790226653218, 0.0030517580453306437, 0.006103516090661287, 0.012207032181322575, 0.02441406436264515, 0.0488281287252903, 0.0976562574505806, 0.0007629396859556437, 0.0015258793719112873, 0.0030517587438225746, 0.006103517487645149, 0.012207034975290298, 0.024414069950580597, 0.048828139901161194, 0.09765627980232239, 0.00015258774510584772, 0.00030517549021169543, 0.0006103509804233909, 0.0012207019608467817, 0.0024414039216935635, 0.004882807843387127, 0.009765615686774254, 0.019531231373548508, 0.0, 0.0, 0.0, 0.0, 0.0, 0.0, 0.0, 0.0, 0.00030517578125, 0.0006103515625, 0.001220703125, 0.00244140625, 0.0048828125, 0.009765625, 0.01953125, 0.0390625, 0.0, 0.0, 0.0, 0.0, 0.0, 0.0, 0.0, 0.0], [0.0003051758394576609, 0.0006103516789153218, 0.0012207033578306437, 0.0024414067156612873, 0.004882813431322575, 0.00976562686264515, 0.0195312537252903, 0.0390625074505806, 0.00030517578125, 0.0006103515625, 0.001220703125, 0.00244140625, 0.0048828125, 0.009765625, 0.01953125, 0.0390625, 0.0015258790226653218, -0.2781592011451721, 0.006103516090661287, 0.012207032181322575, 0.02441406436264515, 0.0488281287252903, 0.0976562574505806, 0.1953125149011612, 0.0015258793719112873, 0.0030517587438225746, 0.006103517487645149, 0.012207034975290298, 0.024414069950580597, 0.048828139901161194, 0.09765627980232239, 0.19531255960464478, 0.00030517549021169543, 0.0006103509804233909, 0.0012207019608467817, 0.0024414039216935635, 0.004882807843387127, 0.009765615686774254, 0.019531231373548508, 0.039062462747097015, 0.0, 0.0, 0.0, 0.0, 0.0, 0.0, 0.0, 0.0, 0.0006103515625, 0.001220703125, 0.00244140625, 0.0048828125, 0.009765625, 0.01953125, 0.0390625, 0.078125, 0.0, 0.0, 0.0, 0.0, 0.0, 0.0, 0.0, 0.0], [0.0006103516789153218, 0.0012207033578306437, 0.0024414067156612873, 0.004882813431322575, 0.00976562686264515, 0.0195312537252903, 0.0390625074505806, 0.0781250149011612, 0.0006103515625, 0.001220703125, 0.00244140625, 0.0048828125, 0.009765625, 0.01953125, 0.0390625, 0.078125, 0.0030517580453306437, 0.006103516090661287, -0.5502148866653442, 0.02441406436264515, 0.0488281287252903, 0.0976562574505806, 0.1953125149011612, 0.3906250298023224, 0.0030517587438225746, 0.006103517487645149, 0.012207034975290298, 0.024414069950580597, 0.048828139901161194, 0.09765627980232239, 0.19531255960464478, 0.39062511920928955, 0.0006103509804233909, 0.0012207019608467817, 0.0024414039216935635, 0.004882807843387127, 0.009765615686774254, 0.019531231373548508, 0.039062462747097015, 0.07812492549419403, 0.0, 0.0, 0.0, 0.0, 0.0, 0.0, 0.0, 0.0, 0.001220703125, 0.00244140625, 0.0048828125, 0.009765625, 0.01953125, 0.0390625, 0.078125, 0.15625, 0.0, 0.0, 0.0, 0.0, 0.0, 0.0, 0.0, 0.0], [0.0012207033578306437, 0.0024414067156612873, 0.004882813431322575, 0.00976562686264515, 0.0195312537252903, 0.0390625074505806, 0.0781250149011612, 0.1562500298023224, 0.001220703125, 0.00244140625, 0.0048828125, 0.009765625, 0.01953125, 0.0390625, 0.078125, 0.15625, 0.006103516090661287, 0.012207032181322575, 0.02441406436264515, -1.076015591621399, 0.0976562574505806, 0.1953125149011612, 0.3906250298023224, 0.7812500596046448, 0.006103517487645149, 0.012207034975290298, 0.024414069950580597, 0.048828139901161194, 0.09765627980232239, 0.19531255960464478, 0.39062511920928955, 0.7812502384185791, 0.0012207019608467817, 0.0024414039216935635, 0.004882807843387127, 0.009765615686774254, 0.019531231373548508, 0.039062462747097015, 0.07812492549419403, 0.15624985098838806, 0.0, 0.0, 0.0, 0.0, 0.0, 0.0, 0.0, 0.0, 0.00244140625, 0.0048828125, 0.009765625, 0.01953125, 0.0390625, 0.078125, 0.15625, 0.3125, 0.0, 0.0, 0.0, 0.0, 0.0, 0.0, 0.0, 0.0], [0.0024414067156612873, 0.004882813431322575, 0.00976562686264515, 0.0195312537252903, 0.0390625074505806, 0.0781250149011612, 0.1562500298023224, 0.3125000596046448, 0.00244140625, 0.0048828125, 0.009765625, 0.01953125, 0.0390625, 0.078125, 0.15625, 0.3125, 0.012207032181322575, 0.02441406436264515, 0.0488281287252903, 0.0976562574505806, -2.054374933242798, 0.3906250298023224, 0.7812500596046448, 1.5625001192092896, 0.012207034975290298, 0.024414069950580597, 0.048828139901161194, 0.09765627980232239, 0.19531255960464478, 0.39062511920928955, 0.7812502384185791, 1.5625004768371582, 0.0024414039216935635, 0.004882807843387127, 0.009765615686774254, 0.019531231373548508, 0.039062462747097015, 0.07812492549419403, 0.15624985098838806, 0.3124997019767761, 0.0, 0.0, 0.0, 0.0, 0.0, 0.0, 0.0, 0.0, 0.0048828125, 0.009765625, 0.01953125, 0.0390625, 0.078125, 0.15625, 0.3125, 0.625, 0.0, 0.0, 0.0, 0.0, 0.0, 0.0, 0.0, 0.0], [0.004882813431322575, 0.00976562686264515, 0.0195312537252903, 0.0390625074505806, 0.0781250149011612, 0.1562500298023224, 0.3125000596046448, 0.6250001192092896, 0.0048828125, 0.009765625, 0.01953125, 0.0390625, 0.078125, 0.15625, 0.3125, 0.625, 0.02441406436264515, 0.0488281287252903, 0.0976562574505806, 0.1953125149011612, 0.3906250298023224, -3.7181248664855957, 1.5625001192092896, 3.125000238418579, 0.024414069950580597, 0.048828139901161194, 0.09765627980232239, 0.19531255960464478, 0.39062511920928955, 0.7812502384185791, 1.5625004768371582, 3.1250009536743164, 0.004882807843387127, 0.009765615686774254, 0.019531231373548508, 0.039062462747097015, 0.07812492549419403, 0.15624985098838806, 0.3124997019767761, 0.6249994039535522, 0.0, 0.0, 0.0, 0.0, 0.0, 0.0, 0.0, 0.0, 0.009765625, 0.01953125, 0.0390625, 0.078125, 0.15625, 0.3125, 0.625, 1.25, 0.0, 0.0, 0.0, 0.0, 0.0, 0.0, 0.0, 0.0], [0.00976562686264515, 0.0195312537252903, 0.0390625074505806, 0.0781250149011612, 0.1562500298023224, 0.3125000596046448, 0.6250001192092896, 1.250000238418579, 0.009765625, 0.01953125, 0.0390625, 0.078125, 0.15625, 0.3125, 0.625, 1.25, 0.0488281287252903, 0.0976562574505806, 0.1953125149011612, 0.3906250298023224, 0.7812500596046448, 1.5625001192092896, -5.873749732971191, 6.250000476837158, 0.048828139901161194, 0.09765627980232239, 0.19531255960464478, 0.39062511920928955, 0.7812502384185791, 1.5625004768371582, 3.1250009536743164, 6.250001907348633, 0.009765615686774254, 0.019531231373548508, 0.039062462747097015, 0.07812492549419403, 0.15624985098838806, 0.3124997019767761, 0.6249994039535522, 1.2499988079071045, 0.0, 0.0, 0.0, 0.0, 0.0, 0.0, 0.0, 0.0, 0.01953125, 0.0390625, 0.078125, 0.15625, 0.3125, 0.625, 1.25, 2.5, 0.0, 0.0, 0.0, 0.0, 0.0, 0.0, 0.0, 0.0], [0.0195312537252903, 0.0390625074505806, 0.0781250149011612, 0.1562500298023224, 0.3125000596046448, 0.6250001192092896, 1.250000238418579, 2.500000476837158, 0.01953125, 0.0390625, 0.078125, 0.15625, 0.3125, 0.625, 1.25, 2.5, 0.0976562574505806, 0.1953125149011612, 0.3906250298023224, 0.7812500596046448, 1.5625001192092896, 3.125000238418579, 6.250000476837158, -5.497498989105225, 0.09765627980232239, 0.19531255960464478, 0.39062511920928955, 0.7812502384185791, 1.5625004768371582, 3.1250009536743164, 6.250001907348633, 12.500003814697266, 0.019531231373548508, 0.039062462747097015, 0.07812492549419403, 0.15624985098838806, 0.3124997019767761, 0.6249994039535522, 1.2499988079071045, 2.499997615814209, 0.0, 0.0, 0.0, 0.0, 0.0, 0.0, 0.0, 0.0, 0.0390625, 0.078125, 0.15625, 0.3125, 0.625, 1.25, 2.5, 5.0, 0.0, 0.0, 0.0, 0.0, 0.0, 0.0, 0.0, 0.0], [0.0001525878324173391, 0.0003051756648346782, 0.0006103513296693563, 0.0012207026593387127, 0.0024414053186774254, 0.004882810637354851, 0.009765621274709702, 0.019531242549419403, 0.0001525888656033203, 0.0003051777312066406, 0.0006103554624132812, 0.0012207109248265624, 0.002441421849653125, 0.00488284369930625, 0.0097656873986125, 0.019531374797225, 0.0007629396859556437, 0.0015258793719112873, 0.0030517587438225746, 0.006103517487645149, 0.012207034975290298, 0.024414069950580597, 0.048828139901161194, 0.09765627980232239, -0.13982298970222473, 0.0015258820494636893, 0.0030517640989273787, 0.006103528197854757, 0.012207056395709515, 0.02441411279141903, 0.04882822558283806, 0.09765645116567612, 0.00015258736675605178, 0.00030517473351210356, 0.0006103494670242071, 0.0012206989340484142, 0.0024413978680968285, 0.004882795736193657, 0.009765591472387314, 0.019531182944774628, 0.0, 0.0, 0.0, 0.0, 0.0, 0.0, 0.0, 0.0, 0.00030517578125, 0.0006103515625, 0.001220703125, 0.00244140625, 0.0048828125, 0.009765625, 0.01953125, 0.0390625, 0.0, 0.0, 0.0, 0.0, 0.0, 0.0, 0.0, 0.0], [0.0003051756648346782, 0.0006103513296693563, 0.0012207026593387127, 0.0024414053186774254, 0.004882810637354851, 0.009765621274709702, 0.019531242549419403, 0.039062485098838806, 0.0003051777312066406, 0.0006103554624132812, 0.0012207109248265624, 0.002441421849653125, 0.00488284369930625, 0.0097656873986125, 0.019531374797225, 0.03906274959445, 0.0015258793719112873, 0.0030517587438225746, 0.006103517487645149, 0.012207034975290298, 0.024414069950580597, 0.048828139901161194, 0.09765627980232239, 0.19531255960464478, 0.0015258820494636893, -0.27812010049819946, 0.006103528197854757, 0.012207056395709515, 0.02441411279141903, 0.04882822558283806, 0.09765645116567612, 0.19531290233135223, 0.00030517473351210356, 0.0006103494670242071, 0.0012206989340484142, 0.0024413978680968285, 0.004882795736193657, 0.009765591472387314, 0.019531182944774628, 0.039062365889549255, 0.0, 0.0, 0.0, 0.0, 0.0, 0.0, 0.0, 0.0, 0.0006103515625, 0.001220703125, 0.00244140625, 0.0048828125, 0.009765625, 0.01953125, 0.0390625, 0.078125, 0.0, 0.0, 0.0, 0.0, 0.0, 0.0, 0.0, 0.0], [0.0006103513296693563, 0.0012207026593387127, 0.0024414053186774254, 0.004882810637354851, 0.009765621274709702, 0.019531242549419403, 0.039062485098838806, 0.07812497019767761, 0.0006103554624132812, 0.0012207109248265624, 0.002441421849653125, 0.00488284369930625, 0.0097656873986125, 0.019531374797225, 0.03906274959445, 0.0781254991889, 0.0030517587438225746, 0.006103517487645149, 0.012207034975290298, 0.024414069950580597, 0.048828139901161194, 0.09765627980232239, 0.19531255960464478, 0.39062511920928955, 0.0030517640989273787, 0.006103528197854757, -0.5501366853713989, 0.02441411279141903, 0.04882822558283806, 0.09765645116567612, 0.19531290233135223, 0.39062580466270447, 0.0006103494670242071, 0.0012206989340484142, 0.0024413978680968285, 0.004882795736193657, 0.009765591472387314, 0.019531182944774628, 0.039062365889549255, 0.07812473177909851, 0.0, 0.0, 0.0, 0.0, 0.0, 0.0, 0.0, 0.0, 0.001220703125, 0.00244140625, 0.0048828125, 0.009765625, 0.01953125, 0.0390625, 0.078125, 0.15625, 0.0, 0.0, 0.0, 0.0, 0.0, 0.0, 0.0, 0.0], [0.0012207026593387127, 0.0024414053186774254, 0.004882810637354851, 0.009765621274709702, 0.019531242549419403, 0.039062485098838806, 0.07812497019767761, 0.15624994039535522, 0.0012207109248265624, 0.002441421849653125, 0.00488284369930625, 0.0097656873986125, 0.019531374797225, 0.03906274959445, 0.0781254991889, 0.1562509983778, 0.006103517487645149, 0.012207034975290298, 0.024414069950580597, 0.048828139901161194, 0.09765627980232239, 0.19531255960464478, 0.39062511920928955, 0.7812502384185791, 0.006103528197854757, 0.012207056395709515, 0.02441411279141903, -1.0758593082427979, 0.09765645116567612, 0.19531290233135223, 0.39062580466270447, 0.7812516093254089, 0.0012206989340484142, 0.0024413978680968285, 0.004882795736193657, 0.009765591472387314, 0.019531182944774628, 0.039062365889549255, 0.07812473177909851, 0.15624946355819702, 0.0, 0.0, 0.0, 0.0, 0.0, 0.0, 0.0, 0.0, 0.00244140625, 0.0048828125, 0.009765625, 0.01953125, 0.0390625, 0.078125, 0.15625, 0.3125, 0.0, 0.0, 0.0, 0.0, 0.0, 0.0, 0.0, 0.0], [0.0024414053186774254, 0.004882810637354851, 0.009765621274709702, 0.019531242549419403, 0.039062485098838806, 0.07812497019767761, 0.15624994039535522, 0.31249988079071045, 0.002441421849653125, 0.00488284369930625, 0.0097656873986125, 0.019531374797225, 0.03906274959445, 0.0781254991889, 0.1562509983778, 0.3125019967556, 0.012207034975290298, 0.024414069950580597, 0.048828139901161194, 0.09765627980232239, 0.19531255960464478, 0.39062511920928955, 0.7812502384185791, 1.5625004768371582, 0.012207056395709515, 0.02441411279141903, 0.04882822558283806, 0.09765645116567612, -2.0540621280670166, 0.39062580466270447, 0.7812516093254089, 1.5625032186508179, 0.0024413978680968285, 0.004882795736193657, 0.009765591472387314, 0.019531182944774628, 0.039062365889549255, 0.07812473177909851, 0.15624946355819702, 0.31249892711639404, 0.0, 0.0, 0.0, 0.0, 0.0, 0.0, 0.0, 0.0, 0.0048828125, 0.009765625, 0.01953125, 0.0390625, 0.078125, 0.15625, 0.3125, 0.625, 0.0, 0.0, 0.0, 0.0, 0.0, 0.0, 0.0, 0.0], [0.004882810637354851, 0.009765621274709702, 0.019531242549419403, 0.039062485098838806, 0.07812497019767761, 0.15624994039535522, 0.31249988079071045, 0.6249997615814209, 0.00488284369930625, 0.0097656873986125, 0.019531374797225, 0.03906274959445, 0.0781254991889, 0.1562509983778, 0.3125019967556, 0.6250039935112, 0.024414069950580597, 0.048828139901161194, 0.09765627980232239, 0.19531255960464478, 0.39062511920928955, 0.7812502384185791, 1.5625004768371582, 3.1250009536743164, 0.02441411279141903, 0.04882822558283806, 0.09765645116567612, 0.19531290233135223, 0.39062580466270447, -3.717498302459717, 1.5625032186508179, 3.1250064373016357, 0.004882795736193657, 0.009765591472387314, 0.019531182944774628, 0.039062365889549255, 0.07812473177909851, 0.15624946355819702, 0.31249892711639404, 0.6249978542327881, 0.0, 0.0, 0.0, 0.0, 0.0, 0.0, 0.0, 0.0, 0.009765625, 0.01953125, 0.0390625, 0.078125, 0.15625, 0.3125, 0.625, 1.25, 0.0, 0.0, 0.0, 0.0, 0.0, 0.0, 0.0, 0.0], [0.009765621274709702, 0.019531242549419403, 0.039062485098838806, 0.07812497019767761, 0.15624994039535522, 0.31249988079071045, 0.6249997615814209, 1.2499995231628418, 0.0097656873986125, 0.019531374797225, 0.03906274959445, 0.0781254991889, 0.1562509983778, 0.3125019967556, 0.6250039935112, 1.2500079870224, 0.048828139901161194, 0.09765627980232239, 0.19531255960464478, 0.39062511920928955, 0.7812502384185791, 1.5625004768371582, 3.1250009536743164, 6.250001907348633, 0.04882822558283806, 0.09765645116567612, 0.19531290233135223, 0.39062580466270447, 0.7812516093254089, 1.5625032186508179, -5.872493743896484, 6.2500128746032715, 0.009765591472387314, 0.019531182944774628, 0.039062365889549255, 0.07812473177909851, 0.15624946355819702, 0.31249892711639404, 0.6249978542327881, 1.2499957084655762, 0.0, 0.0, 0.0, 0.0, 0.0, 0.0, 0.0, 0.0, 0.01953125, 0.0390625, 0.078125, 0.15625, 0.3125, 0.625, 1.25, 2.5, 0.0, 0.0, 0.0, 0.0, 0.0, 0.0, 0.0, 0.0], [0.019531242549419403, 0.039062485098838806, 0.07812497019767761, 0.15624994039535522, 0.31249988079071045, 0.6249997615814209, 1.2499995231628418, 2.4999990463256836, 0.019531374797225, 0.03906274959445, 0.0781254991889, 0.1562509983778, 0.3125019967556, 0.6250039935112, 1.2500079870224, 2.5000159740448, 0.09765627980232239, 0.19531255960464478, 0.39062511920928955, 0.7812502384185791, 1.5625004768371582, 3.1250009536743164, 6.250001907348633, 12.500003814697266, 0.09765645116567612, 0.19531290233135223, 0.39062580466270447, 0.7812516093254089, 1.5625032186508179, 3.1250064373016357, 6.2500128746032715, -5.494974136352539, 0.019531182944774628, 0.039062365889549255, 0.07812473177909851, 0.15624946355819702, 0.31249892711639404, 0.6249978542327881, 1.2499957084655762, 2.4999914169311523, 0.0, 0.0, 0.0, 0.0, 0.0, 0.0, 0.0, 0.0, 0.0390625, 0.078125, 0.15625, 0.3125, 0.625, 1.25, 2.5, 5.0, 0.0, 0.0, 0.0, 0.0, 0.0, 0.0, 0.0, 0.0], [0.00015258787607308477, 0.00030517575214616954, 0.0006103515042923391, 0.0012207030085846782, 0.0024414060171693563, 0.004882812034338713, 0.009765624068677425, 0.01953124813735485, 0.0007629395113326609, 0.0015258790226653218, 0.0030517580453306437, 0.006103516090661287, 0.012207032181322575, 0.02441406436264515, 0.0488281287252903, 0.0976562574505806, 0.00015258774510584772, 0.00030517549021169543, 0.0006103509804233909, 0.0012207019608467817, 0.0024414039216935635, 0.004882807843387127, 0.009765615686774254, 0.019531231373548508, 0.00015258736675605178, 0.00030517473351210356, 0.0006103494670242071, 0.0012206989340484142, 0.0024413978680968285, 0.004882795736193657, 0.009765591472387314, 0.019531182944774628, -0.13982298970222473, 0.0015258797211572528, 0.0030517594423145056, 0.006103518884629011, 0.012207037769258022, 0.024414075538516045, 0.04882815107703209, 0.09765630215406418, 0.0, 0.0, 0.0, 0.0, 0.0, 0.0, 0.0, 0.0, 0.0, 0.0, 0.0, 0.0, 0.0, 0.0, 0.0, 0.0, 0.00030517578125, 0.0006103515625, 0.001220703125, 0.00244140625, 0.0048828125, 0.009765625, 0.01953125, 0.0390625], [0.00030517575214616954, 0.0006103515042923391, 0.0012207030085846782, 0.0024414060171693563, 0.004882812034338713, 0.009765624068677425, 0.01953124813735485, 0.0390624962747097, 0.0015258790226653218, 0.0030517580453306437, 0.006103516090661287, 0.012207032181322575, 0.02441406436264515, 0.0488281287252903, 0.0976562574505806, 0.1953125149011612, 0.00030517549021169543, 0.0006103509804233909, 0.0012207019608467817, 0.0024414039216935635, 0.004882807843387127, 0.009765615686774254, 0.019531231373548508, 0.039062462747097015, 0.00030517473351210356, 0.0006103494670242071, 0.0012206989340484142, 0.0024413978680968285, 0.004882795736193657, 0.009765591472387314, 0.019531182944774628, 0.039062365889549255, 0.0015258797211572528, -0.27812010049819946, 0.006103518884629011, 0.012207037769258022, 0.024414075538516045, 0.04882815107703209, 0.09765630215406418, 0.19531260430812836, 0.0, 0.0, 0.0, 0.0, 0.0, 0.0, 0.0, 0.0, 0.0, 0.0, 0.0, 0.0, 0.0, 0.0, 0.0, 0.0, 0.0006103515625, 0.001220703125, 0.00244140625, 0.0048828125, 0.009765625, 0.01953125, 0.0390625, 0.078125], [0.0006103515042923391, 0.0012207030085846782, 0.0024414060171693563, 0.004882812034338713, 0.009765624068677425, 0.01953124813735485, 0.0390624962747097, 0.0781249925494194, 0.0030517580453306437, 0.006103516090661287, 0.012207032181322575, 0.02441406436264515, 0.0488281287252903, 0.0976562574505806, 0.1953125149011612, 0.3906250298023224, 0.0006103509804233909, 0.0012207019608467817, 0.0024414039216935635, 0.004882807843387127, 0.009765615686774254, 0.019531231373548508, 0.039062462747097015, 0.07812492549419403, 0.0006103494670242071, 0.0012206989340484142, 0.0024413978680968285, 0.004882795736193657, 0.009765591472387314, 0.019531182944774628, 0.039062365889549255, 0.07812473177909851, 0.0030517594423145056, 0.006103518884629011, -0.5501366853713989, 0.024414075538516045, 0.04882815107703209, 0.09765630215406418, 0.19531260430812836, 0.3906252086162567, 0.0, 0.0, 0.0, 0.0, 0.0, 0.0, 0.0, 0.0, 0.0, 0.0, 0.0, 0.0, 0.0, 0.0, 0.0, 0.0, 0.001220703125, 0.00244140625, 0.0048828125, 0.009765625, 0.01953125, 0.0390625, 0.078125, 0.15625], [0.0012207030085846782, 0.0024414060171693563, 0.004882812034338713, 0.009765624068677425, 0.01953124813735485, 0.0390624962747097, 0.0781249925494194, 0.1562499850988388, 0.006103516090661287, 0.012207032181322575, 0.02441406436264515, 0.0488281287252903, 0.0976562574505806, 0.1953125149011612, 0.3906250298023224, 0.7812500596046448, 0.0012207019608467817, 0.0024414039216935635, 0.004882807843387127, 0.009765615686774254, 0.019531231373548508, 0.039062462747097015, 0.07812492549419403, 0.15624985098838806, 0.0012206989340484142, 0.0024413978680968285, 0.004882795736193657, 0.009765591472387314, 0.019531182944774628, 0.039062365889549255, 0.07812473177909851, 0.15624946355819702, 0.006103518884629011, 0.012207037769258022, 0.024414075538516045, -1.0758593082427979, 0.09765630215406418, 0.19531260430812836, 0.3906252086162567, 0.7812504172325134, 0.0, 0.0, 0.0, 0.0, 0.0, 0.0, 0.0, 0.0, 0.0, 0.0, 0.0, 0.0, 0.0, 0.0, 0.0, 0.0, 0.00244140625, 0.0048828125, 0.009765625, 0.01953125, 0.0390625, 0.078125, 0.15625, 0.3125], [0.0024414060171693563, 0.004882812034338713, 0.009765624068677425, 0.01953124813735485, 0.0390624962747097, 0.0781249925494194, 0.1562499850988388, 0.3124999701976776, 0.012207032181322575, 0.02441406436264515, 0.0488281287252903, 0.0976562574505806, 0.1953125149011612, 0.3906250298023224, 0.7812500596046448, 1.5625001192092896, 0.0024414039216935635, 0.004882807843387127, 0.009765615686774254, 0.019531231373548508, 0.039062462747097015, 0.07812492549419403, 0.15624985098838806, 0.3124997019767761, 0.0024413978680968285, 0.004882795736193657, 0.009765591472387314, 0.019531182944774628, 0.039062365889549255, 0.07812473177909851, 0.15624946355819702, 0.31249892711639404, 0.012207037769258022, 0.024414075538516045, 0.04882815107703209, 0.09765630215406418, -2.0540623664855957, 0.3906252086162567, 0.7812504172325134, 1.5625008344650269, 0.0, 0.0, 0.0, 0.0, 0.0, 0.0, 0.0, 0.0, 0.0, 0.0, 0.0, 0.0, 0.0, 0.0, 0.0, 0.0, 0.0048828125, 0.009765625, 0.01953125, 0.0390625, 0.078125, 0.15625, 0.3125, 0.625], [0.004882812034338713, 0.009765624068677425, 0.01953124813735485, 0.0390624962747097, 0.0781249925494194, 0.1562499850988388, 0.3124999701976776, 0.6249999403953552, 0.02441406436264515, 0.0488281287252903, 0.0976562574505806, 0.1953125149011612, 0.3906250298023224, 0.7812500596046448, 1.5625001192092896, 3.125000238418579, 0.004882807843387127, 0.009765615686774254, 0.019531231373548508, 0.039062462747097015, 0.07812492549419403, 0.15624985098838806, 0.3124997019767761, 0.6249994039535522, 0.004882795736193657, 0.009765591472387314, 0.019531182944774628, 0.039062365889549255, 0.07812473177909851, 0.15624946355819702, 0.31249892711639404, 0.6249978542327881, 0.024414075538516045, 0.04882815107703209, 0.09765630215406418, 0.19531260430812836, 0.3906252086162567, -3.7174994945526123, 1.5625008344650269, 3.1250016689300537, 0.0, 0.0, 0.0, 0.0, 0.0, 0.0, 0.0, 0.0, 0.0, 0.0, 0.0, 0.0, 0.0, 0.0, 0.0, 0.0, 0.009765625, 0.01953125, 0.0390625, 0.078125, 0.15625, 0.3125, 0.625, 1.25], [0.009765624068677425, 0.01953124813735485, 0.0390624962747097, 0.0781249925494194, 0.1562499850988388, 0.3124999701976776, 0.6249999403953552, 1.2499998807907104, 0.0488281287252903, 0.0976562574505806, 0.1953125149011612, 0.3906250298023224, 0.7812500596046448, 1.5625001192092896, 3.125000238418579, 6.250000476837158, 0.009765615686774254, 0.019531231373548508, 0.039062462747097015, 0.07812492549419403, 0.15624985098838806, 0.3