{"size": [64, 64], "args": [["A04.csv", "A05.csv", "A06.csv", "A07.csv", "A22.csv"], 0.3, 0.5, 0.5, 0.2, 7, [64, 32, 16], [[100.0, 100.0, 100.0, 100.0], [10.0, 10.0, 10.0, 10.0], [50.0, 50.0, 50.0, 50.0], [200.0, 200.0, 200.0, 200.0]]], "c": [50.0, 50.0, 50.0, 50.0], "tag": "r3-4-5-6-21-0.3-0.5-0.5-0.2-7-50.0-50.0-50.0-50.0-64x64", "data:": {"q": {"x1": [0.0], "x2": [0.0], "x3": [0.28125], "x4": [0.28125], "x5": [0.09375]}, "program": "minimize(list(x1,x2,x3,x4,x5),((2.65439652e-05*x1*x1)+(-2.4440089225861227e-05*x1*x2)+(-6.797345188492871e-06*x1*x3)+(1.0006338763001026e-05*x1*x4)+(1.6764598986707349e-07*x1*x5)+(-2.4440089225861227e-05*x2*x1)+(0.00010380858850000001*x2*x2)+(1.8030679832545715e-05*x2*x3)+(6.81458149002669e-05*x2*x4)+(-1.373219234694384e-06*x2*x5)+(-6.797345188492871e-06*x3*x1)+(1.8030679832545715e-05*x3*x2)+(4.97816213e-06*x3*x3)+(2.123970781329983e-06*x3*x4)+(1.7922201161318725e-06*x3*x5)+(1.0006338763001026e-05*x4*x1)+(6.81458149002669e-05*x4*x2)+(2.123970781329983e-06*x4*x3)+(0.00010505700350000001*x4*x4)+(-9.644400894509825e-06*x4*x5)+(1.6764598986707349e-07*x5*x1)+(-1.373219234694384e-06*x5*x2)+(1.7922201161318725e-06*x5*x3)+(-9.644400894509825e-06*x5*x4)+(2.6589402100000005e-06*x5*x5)-((-0.01*x1)+(-0.01*x2)+(-0.005*x3)+(-0.0075*x4)+(-0.02*x5))))\n & label('total', x1+x2+x3+x4+x5==1.0) & \nlabel('eqlimit', (0.0*x1)+(0.0*x2)+(0.0*x3)+(0.0*x4)+(3.3333333333333335*x5)<1.0) & \nlabel('filimit', (0.0*x1)+(2.0*x2)+(2.0*x3)+(0.0*x4)+(0.0*x5)<1.0) & \nlabel('xxxlimit', (2.0*x1)+(0.0*x2)+(0.0*x3)+(2.0*x4)+(0.0*x5)<1.0)", "matrix": [[-0.6417235136032104, 0.0184800885617733, 0.0369601771235466, 0.0739203542470932, 0.1478407084941864, 0.2956814169883728, 0.5913628339767456, 1.1827256679534912, 0.0007629392785020173, 0.0015258785570040345, 0.003051757114008069, 0.006103514228016138, 0.012207028456032276, 0.024414056912064552, 0.048828113824129105, 0.09765622764825821, 0.000762939453125, 0.00152587890625, 0.0030517578125, 0.006103515625, 0.01220703125, 0.0244140625, 0.048828125, 0.09765625, 0.000762939453125, 0.00152587890625, 0.0030517578125, 0.006103515625, 0.01220703125, 0.0244140625, 0.048828125, 0.09765625, 0.000762939453125, 0.00152587890625, 0.0030517578125, 0.006103515625, 0.01220703125, 0.0244140625, 0.048828125, 0.09765625, 0.0025431313551962376, 0.005086262710392475, 0.01017252542078495, 0.0203450508415699, 0.0406901016831398, 0.0813802033662796, 0.1627604067325592, 0.3255208134651184, 0.0, 0.0, 0.0, 0.0, 0.0, 0.0, 0.0, 0.0, 0.0, 0.0, 0.0, 0.0, 0.0, 0.0, 0.0, 0.0], [0.0184800885617733, -1.2649669647216797, 0.0739203542470932, 0.1478407084941864, 0.2956814169883728, 0.5913628339767456, 1.1827256679534912, 2.3654513359069824, 0.0015258785570040345, 0.003051757114008069, 0.006103514228016138, 0.012207028456032276, 0.024414056912064552, 0.048828113824129105, 0.09765622764825821, 0.19531245529651642, 0.00152587890625, 0.0030517578125, 0.006103515625, 0.01220703125, 0.0244140625, 0.048828125, 0.09765625, 0.1953125, 0.00152587890625, 0.0030517578125, 0.006103515625, 0.01220703125, 0.0244140625, 0.048828125, 0.09765625, 0.1953125, 0.00152587890625, 0.0030517578125, 0.006103515625, 0.01220703125, 0.0244140625, 0.048828125, 0.09765625, 0.1953125, 0.005086262710392475, 0.01017252542078495, 0.0203450508415699, 0.0406901016831398, 0.0813802033662796, 0.1627604067325592, 0.3255208134651184, 0.6510416269302368, 0.0, 0.0, 0.0, 0.0, 0.0, 0.0, 0.0, 0.0, 0.0, 0.0, 0.0, 0.0, 0.0, 0.0, 0.0, 0.0], [0.0369601771235466, 0.0739203542470932, -2.4560134410858154, 0.2956814169883728, 0.5913628339767456, 1.1827256679534912, 2.3654513359069824, 4.730902671813965, 0.003051757114008069, 0.006103514228016138, 0.012207028456032276, 0.024414056912064552, 0.048828113824129105, 0.09765622764825821, 0.19531245529651642, 0.39062491059303284, 0.0030517578125, 0.006103515625, 0.01220703125, 0.0244140625, 0.048828125, 0.09765625, 0.1953125, 0.390625, 0.0030517578125, 0.006103515625, 0.01220703125, 0.0244140625, 0.048828125, 0.09765625, 0.1953125, 0.390625, 0.0030517578125, 0.006103515625, 0.01220703125, 0.0244140625, 0.048828125, 0.09765625, 0.1953125, 0.390625, 0.01017252542078495, 0.0203450508415699, 0.0406901016831398, 0.0813802033662796, 0.1627604067325592, 0.3255208134651184, 0.6510416269302368, 1.3020832538604736, 0.0, 0.0, 0.0, 0.0, 0.0, 0.0, 0.0, 0.0, 0.0, 0.0, 0.0, 0.0, 0.0, 0.0, 0.0, 0.0], [0.0739203542470932, 0.1478407084941864, 0.2956814169883728, -4.616345405578613, 1.1827256679534912, 2.3654513359069824, 4.730902671813965, 9.46180534362793, 0.006103514228016138, 0.012207028456032276, 0.024414056912064552, 0.048828113824129105, 0.09765622764825821, 0.19531245529651642, 0.39062491059303284, 0.7812498211860657, 0.006103515625, 0.01220703125, 0.0244140625, 0.048828125, 0.09765625, 0.1953125, 0.390625, 0.78125, 0.006103515625, 0.01220703125, 0.0244140625, 0.048828125, 0.09765625, 0.1953125, 0.390625, 0.78125, 0.006103515625, 0.01220703125, 0.0244140625, 0.048828125, 0.09765625, 0.1953125, 0.390625, 0.78125, 0.0203450508415699, 0.0406901016831398, 0.0813802033662796, 0.1627604067325592, 0.3255208134651184, 0.6510416269302368, 1.3020832538604736, 2.6041665077209473, 0.0, 0.0, 0.0, 0.0, 0.0, 0.0, 0.0, 0.0, 0.0, 0.0, 0.0, 0.0, 0.0, 0.0, 0.0, 0.0], [0.1478407084941864, 0.2956814169883728, 0.5913628339767456, 1.1827256679534912, -8.049965858459473, 4.730902671813965, 9.46180534362793, 18.92361068725586, 0.012207028456032276, 0.024414056912064552, 0.048828113824129105, 0.09765622764825821, 0.19531245529651642, 0.39062491059303284, 0.7812498211860657, 1.5624996423721313, 0.01220703125, 0.0244140625, 0.048828125, 0.09765625, 0.1953125, 0.390625, 0.78125, 1.5625, 0.01220703125, 0.0244140625, 0.048828125, 0.09765625, 0.1953125, 0.390625, 0.78125, 1.5625, 0.01220703125, 0.0244140625, 0.048828125, 0.09765625, 0.1953125, 0.390625, 0.78125, 1.5625, 0.0406901016831398, 0.0813802033662796, 0.1627604067325592, 0.3255208134651184, 0.6510416269302368, 1.3020832538604736, 2.6041665077209473, 5.2083330154418945, 0.0, 0.0, 0.0, 0.0, 0.0, 0.0, 0.0, 0.0, 0.0, 0.0, 0.0, 0.0, 0.0, 0.0, 0.0, 0.0], [0.2956814169883728, 0.5913628339767456, 1.1827256679534912, 2.3654513359069824, 4.730902671813965, -11.369028091430664, 18.92361068725586, 37.84722137451172, 0.024414056912064552, 0.048828113824129105, 0.09765622764825821, 0.19531245529651642, 0.39062491059303284, 0.7812498211860657, 1.5624996423721313, 3.1249992847442627, 0.0244140625, 0.048828125, 0.09765625, 0.1953125, 0.390625, 0.78125, 1.5625, 3.125, 0.0244140625, 0.048828125, 0.09765625, 0.1953125, 0.390625, 0.78125, 1.5625, 3.125, 0.0244140625, 0.048828125, 0.09765625, 0.1953125, 0.390625, 0.78125, 1.5625, 3.125, 0.0813802033662796, 0.1627604067325592, 0.3255208134651184, 0.6510416269302368, 1.3020832538604736, 2.6041665077209473, 5.2083330154418945, 10.416666030883789, 0.0, 0.0, 0.0, 0.0, 0.0, 0.0, 0.0, 0.0, 0.0, 0.0, 0.0, 0.0, 0.0, 0.0, 0.0, 0.0], [0.5913628339767456, 1.1827256679534912, 2.3654513359069824, 4.730902671813965, 9.46180534362793, 18.92361068725586, -3.814443588256836, 75.69444274902344, 0.048828113824129105, 0.09765622764825821, 0.19531245529651642, 0.39062491059303284, 0.7812498211860657, 1.5624996423721313, 3.1249992847442627, 6.249998569488525, 0.048828125, 0.09765625, 0.1953125, 0.390625, 0.78125, 1.5625, 3.125, 6.25, 0.048828125, 0.09765625, 0.1953125, 0.390625, 0.78125, 1.5625, 3.125, 6.25, 0.048828125, 0.09765625, 0.1953125, 0.390625, 0.78125, 1.5625, 3.125, 6.25, 0.1627604067325592, 0.3255208134651184, 0.6510416269302368, 1.3020832538604736, 2.6041665077209473, 5.2083330154418945, 10.416666030883789, 20.833332061767578, 0.0, 0.0, 0.0, 0.0, 0.0, 0.0, 0.0, 0.0, 0.0, 0.0, 0.0, 0.0, 0.0, 0.0, 0.0, 0.0], [1.1827256679534912, 2.3654513359069824, 4.730902671813965, 9.46180534362793, 18.92361068725586, 37.84722137451172, 75.69444274902344, 68.06555938720703, 0.09765622764825821, 0.19531245529651642, 0.39062491059303284, 0.7812498211860657, 1.5624996423721313, 3.1249992847442627, 6.249998569488525, 12.49999713897705, 0.09765625, 0.1953125, 0.390625, 0.78125, 1.5625, 3.125, 6.25, 12.5, 0.09765625, 0.1953125, 0.390625, 0.78125, 1.5625, 3.125, 6.25, 12.5, 0.09765625, 0.1953125, 0.390625, 0.78125, 1.5625, 3.125, 6.25, 12.5, 0.3255208134651184, 0.6510416269302368, 1.3020832538604736, 2.6041665077209473, 5.2083330154418945, 10.416666030883789, 20.833332061767578, 41.666664123535156, 0.0, 0.0, 0.0, 0.0, 0.0, 0.0, 0.0, 0.0, 0.0, 0.0, 0.0, 0.0, 0.0, 0.0, 0.0, 0.0], [0.0007629392785020173, 0.0015258785570040345, 0.003051757114008069, 0.006103514228016138, 0.012207028456032276, 0.024414056912064552, 0.048828113824129105, 0.09765622764825821, -0.6992809772491455, 0.007629397790879011, 0.015258795581758022, 0.030517591163516045, 0.06103518232703209, 0.12207036465406418, 0.24414072930812836, 0.4882814586162567, 0.0007629395113326609, 0.0015258790226653218, 0.0030517580453306437, 0.006103516090661287, 0.012207032181322575, 0.02441406436264515, 0.0488281287252903, 0.0976562574505806, 0.0007629405008628964, 0.0015258810017257929, 0.0030517620034515858, 0.0061035240069031715, 0.012207048013806343, 0.024414096027612686, 0.04882819205522537, 0.09765638411045074, 0.0038146974984556437, 0.007629394996911287, 0.015258789993822575, 0.03051757998764515, 0.0610351599752903, 0.1220703199505806, 0.2441406399011612, 0.4882812798023224, 0.0, 0.0, 0.0, 0.0, 0.0, 0.0, 0.0, 0.0, 0.0, 0.0, 0.0, 0.0, 0.0, 0.0, 0.0, 0.0, 0.00152587890625, 0.0030517578125, 0.006103515625, 0.01220703125, 0.0244140625, 0.048828125, 0.09765625, 0.1953125], [0.0015258785570040345, 0.003051757114008069, 0.006103514228016138, 0.012207028456032276, 0.024414056912064552, 0.048828113824129105, 0.09765622764825821, 0.19531245529651642, 0.007629397790879011, -1.390932559967041, 0.030517591163516045, 0.06103518232703209, 0.12207036465406418, 0.24414072930812836, 0.4882814586162567, 0.9765629172325134, 0.0015258790226653218, 0.0030517580453306437, 0.006103516090661287, 0.012207032181322575, 0.02441406436264515, 0.0488281287252903, 0.0976562574505806, 0.1953125149011612, 0.0015258810017257929, 0.0030517620034515858, 0.0061035240069031715, 0.012207048013806343, 0.024414096027612686, 0.04882819205522537, 0.09765638411045074, 0.1953127682209015, 0.007629394996911287, 0.015258789993822575, 0.03051757998764515, 0.0610351599752903, 0.1220703199505806, 0.2441406399011612, 0.4882812798023224, 0.9765625596046448, 0.0, 0.0, 0.0, 0.0, 0.0, 0.0, 0.0, 0.0, 0.0, 0.0, 0.0, 0.0, 0.0, 0.0, 0.0, 0.0, 0.0030517578125, 0.006103515625, 0.01220703125, 0.0244140625, 0.048828125, 0.09765625, 0.1953125, 0.390625], [0.003051757114008069, 0.006103514228016138, 0.012207028456032276, 0.024414056912064552, 0.048828113824129105, 0.09765622764825821, 0.19531245529651642, 0.39062491059303284, 0.015258795581758022, 0.030517591163516045, -2.751347541809082, 0.12207036465406418, 0.24414072930812836, 0.4882814586162567, 0.9765629172325134, 1.9531258344650269, 0.0030517580453306437, 0.006103516090661287, 0.012207032181322575, 0.02441406436264515, 0.0488281287252903, 0.0976562574505806, 0.1953125149011612, 0.3906250298023224, 0.0030517620034515858, 0.0061035240069031715, 0.012207048013806343, 0.024414096027612686, 0.04882819205522537, 0.09765638411045074, 0.1953127682209015, 0.390625536441803, 0.015258789993822575, 0.03051757998764515, 0.0610351599752903, 0.1220703199505806, 0.2441406399011612, 0.4882812798023224, 0.9765625596046448, 1.9531251192092896, 0.0, 0.0, 0.0, 0.0, 0.0, 0.0, 0.0, 0.0, 0.0, 0.0, 0.0, 0.0, 0.0, 0.0, 0.0, 0.0, 0.006103515625, 0.01220703125, 0.0244140625, 0.048828125, 0.09765625, 0.1953125, 0.390625, 0.78125], [0.006103514228016138, 0.012207028456032276, 0.024414056912064552, 0.048828113824129105, 0.09765622764825821, 0.19531245529651642, 0.39062491059303284, 0.7812498211860657, 0.030517591163516045, 0.06103518232703209, 0.12207036465406418, -5.380624771118164, 0.4882814586162567, 0.9765629172325134, 1.9531258344650269, 3.9062516689300537, 0.006103516090661287, 0.012207032181322575, 0.02441406436264515, 0.0488281287252903, 0.0976562574505806, 0.1953125149011612, 0.3906250298023224, 0.7812500596046448, 0.0061035240069031715, 0.012207048013806343, 0.024414096027612686, 0.04882819205522537, 0.09765638411045074, 0.1953127682209015, 0.390625536441803, 0.781251072883606, 0.03051757998764515, 0.0610351599752903, 0.1220703199505806, 0.2441406399011612, 0.4882812798023224, 0.9765625596046448, 1.9531251192092896, 3.906250238418579, 0.0, 0.0, 0.0, 0.0, 0.0, 0.0, 0.0, 0.0, 0.0, 0.0, 0.0, 0.0, 0.0, 0.0, 0.0, 0.0, 0.01220703125, 0.0244140625, 0.048828125, 0.09765625, 0.1953125, 0.390625, 0.78125, 1.5625], [0.012207028456032276, 0.024414056912064552, 0.048828113824129105, 0.09765622764825821, 0.19531245529651642, 0.39062491059303284, 0.7812498211860657, 1.5624996423721313, 0.06103518232703209, 0.12207036465406418, 0.24414072930812836, 0.4882814586162567, -10.272968292236328, 1.9531258344650269, 3.9062516689300537, 7.812503337860107, 0.012207032181322575, 0.02441406436264515, 0.0488281287252903, 0.0976562574505806, 0.1953125149011612, 0.3906250298023224, 0.7812500596046448, 1.5625001192092896, 0.012207048013806343, 0.024414096027612686, 0.04882819205522537, 0.09765638411045074, 0.1953127682209015, 0.390625536441803, 0.781251072883606, 1.562502145767212, 0.0610351599752903, 0.1220703199505806, 0.2441406399011612, 0.4882812798023224, 0.9765625596046448, 1.9531251192092896, 3.906250238418579, 7.812500476837158, 0.0, 0.0, 0.0, 0.0, 0.0, 0.0, 0.0, 0.0, 0.0, 0.0, 0.0, 0.0, 0.0, 0.0, 0.0, 0.0, 0.0244140625, 0.048828125, 0.09765625, 0.1953125, 0.390625, 0.78125, 1.5625, 3.125], [0.024414056912064552, 0.048828113824129105, 0.09765622764825821, 0.19531245529651642, 0.39062491059303284, 0.7812498211860657, 1.5624996423721313, 3.1249992847442627, 0.12207036465406418, 0.24414072930812836, 0.4882814586162567, 0.9765629172325134, 1.9531258344650269, -18.592811584472656, 7.812503337860107, 15.625006675720215, 0.02441406436264515, 0.0488281287252903, 0.0976562574505806, 0.1953125149011612, 0.3906250298023224, 0.7812500596046448, 1.5625001192092896, 3.125000238418579, 0.024414096027612686, 0.04882819205522537, 0.09765638411045074, 0.1953127682209015, 0.390625536441803, 0.781251072883606, 1.562502145767212, 3.125004291534424, 0.1220703199505806, 0.2441406399011612, 0.4882812798023224, 0.9765625596046448, 1.9531251192092896, 3.906250238418579, 7.812500476837158, 15.625000953674316, 0.0, 0.0, 0.0, 0.0, 0.0, 0.0, 0.0, 0.0, 0.0, 0.0, 0.0, 0.0, 0.0, 0.0, 0.0, 0.0, 0.048828125, 0.09765625, 0.1953125, 0.390625, 0.78125, 1.5625, 3.125, 6.25], [0.048828113824129105, 0.09765622764825821, 0.19531245529651642, 0.39062491059303284, 0.7812498211860657, 1.5624996423721313, 3.1249992847442627, 6.249998569488525, 0.24414072930812836, 0.4882814586162567, 0.9765629172325134, 1.9531258344650269, 3.9062516689300537, 7.812503337860107, -29.373119354248047, 31.25001335144043, 0.0488281287252903, 0.0976562574505806, 0.1953125149011612, 0.3906250298023224, 0.7812500596046448, 1.5625001192092896, 3.125000238418579, 6.250000476837158, 0.04882819205522537, 0.09765638411045074, 0.1953127682209015, 0.390625536441803, 0.781251072883606, 1.562502145767212, 3.125004291534424, 6.250008583068848, 0.2441406399011612, 0.4882812798023224, 0.9765625596046448, 1.9531251192092896, 3.906250238418579, 7.812500476837158, 15.625000953674316, 31.250001907348633, 0.0, 0.0, 0.0, 0.0, 0.0, 0.0, 0.0, 0.0, 0.0, 0.0, 0.0, 0.0, 0.0, 0.0, 0.0, 0.0, 0.09765625, 0.1953125, 0.390625, 0.78125, 1.5625, 3.125, 6.25, 12.5], [0.09765622764825821, 0.19531245529651642, 0.39062491059303284, 0.7812498211860657, 1.5624996423721313, 3.1249992847442627, 6.249998569488525, 12.49999713897705, 0.4882814586162567, 0.9765629172325134, 1.9531258344650269, 3.9062516689300537, 7.812503337860107, 15.625006675720215, 31.25001335144043, -27.49622344970703, 0.0976562574505806, 0.1953125149011612, 0.3906250298023224, 0.7812500596046448, 1.5625001192092896, 3.125000238418579, 6.250000476837158, 12.500000953674316, 0.09765638411045074, 0.1953127682209015, 0.390625536441803, 0.781251072883606, 1.562502145767212, 3.125004291534424, 6.250008583068848, 12.500017166137695, 0.4882812798023224, 0.9765625596046448, 1.9531251192092896, 3.906250238418579, 7.812500476837158, 15.625000953674316, 31.250001907348633, 62.500003814697266, 0.0, 0.0, 0.0, 0.0, 0.0, 0.0, 0.0, 0.0, 0.0, 0.0, 0.0, 0.0, 0.0, 0.0, 0.0, 0.0, 0.1953125, 0.390625, 0.78125, 1.5625, 3.125, 6.25, 12.5, 25.0], [0.000762939453125, 0.00152587890625, 0.0030517578125, 0.006103515625, 0.01220703125, 0.0244140625, 0.048828125, 0.09765625, 0.0007629395113326609, 0.0015258790226653218, 0.0030517580453306437, 0.006103516090661287, 0.012207032181322575, 0.02441406436264515, 0.0488281287252903, 0.0976562574505806, -0.6992907524108887, 0.00762939453125, 0.0152587890625, 0.030517578125, 0.06103515625, 0.1220703125, 0.244140625, 0.48828125, 0.0038146974984556437, 0.007629394996911287, 0.015258789993822575, 0.03051757998764515, 0.0610351599752903, 0.1220703199505806, 0.2441406399011612, 0.4882812798023224, 0.0007629393367096782, 0.0015258786734193563, 0.0030517573468387127, 0.006103514693677425, 0.01220702938735485, 0.0244140587747097, 0.0488281175494194, 0.0976562350988388, 0.0, 0.0, 0.0, 0.0, 0.0, 0.0, 0.0, 0.0, 0.00152587890625, 0.0030517578125, 0.006103515625, 0.01220703125, 0.0244140625, 0.048828125, 0.09765625, 0.1953125, 0.0, 0.0, 0.0, 0.0, 0.0, 0.0, 0.0, 0.0], [0.00152587890625, 0.0030517578125, 0.006103515625, 0.01220703125, 0.0244140625, 0.048828125, 0.09765625, 0.1953125, 0.0015258790226653218, 0.0030517580453306437, 0.006103516090661287, 0.012207032181322575, 0.02441406436264515, 0.0488281287252903, 0.0976562574505806, 0.1953125149011612, 0.00762939453125, -1.3909521102905273, 0.030517578125, 0.06103515625, 0.1220703125, 0.244140625, 0.48828125, 0.9765625, 0.007629394996911287, 0.015258789993822575, 0.03051757998764515, 0.0610351599752903, 0.1220703199505806, 0.2441406399011612, 0.4882812798023224, 0.9765625596046448, 0.0015258786734193563, 0.0030517573468387127, 0.006103514693677425, 0.01220702938735485, 0.0244140587747097, 0.0488281175494194, 0.0976562350988388, 0.1953124701976776, 0.0, 0.0, 0.0, 0.0, 0.0, 0.0, 0.0, 0.0, 0.0030517578125, 0.006103515625, 0.01220703125, 0.0244140625, 0.048828125, 0.09765625, 0.1953125, 0.390625, 0.0, 0.0, 0.0, 0.0, 0.0, 0.0, 0.0, 0.0], [0.0030517578125, 0.006103515625, 0.01220703125, 0.0244140625, 0.048828125, 0.09765625, 0.1953125, 0.390625, 0.0030517580453306437, 0.006103516090661287, 0.012207032181322575, 0.02441406436264515, 0.0488281287252903, 0.0976562574505806, 0.1953125149011612, 0.3906250298023224, 0.0152587890625, 0.030517578125, -2.7513866424560547, 0.1220703125, 0.244140625, 0.48828125, 0.9765625, 1.953125, 0.015258789993822575, 0.03051757998764515, 0.0610351599752903, 0.1220703199505806, 0.2441406399011612, 0.4882812798023224, 0.9765625596046448, 1.9531251192092896, 0.0030517573468387127, 0.006103514693677425, 0.01220702938735485, 0.0244140587747097, 0.0488281175494194, 0.0976562350988388, 0.1953124701976776, 0.3906249403953552, 0.0, 0.0, 0.0, 0.0, 0.0, 0.0, 0.0, 0.0, 0.006103515625, 0.01220703125, 0.0244140625, 0.048828125, 0.09765625, 0.1953125, 0.390625, 0.78125, 0.0, 0.0, 0.0, 0.0, 0.0, 0.0, 0.0, 0.0], [0.006103515625, 0.01220703125, 0.0244140625, 0.048828125, 0.09765625, 0.1953125, 0.390625, 0.78125, 0.006103516090661287, 0.012207032181322575, 0.02441406436264515, 0.0488281287252903, 0.0976562574505806, 0.1953125149011612, 0.3906250298023224, 0.7812500596046448, 0.030517578125, 0.06103515625, 0.1220703125, -5.380702972412109, 0.48828125, 0.9765625, 1.953125, 3.90625, 0.03051757998764515, 0.0610351599752903, 0.1220703199505806, 0.2441406399011612, 0.4882812798023224, 0.9765625596046448, 1.9531251192092896, 3.906250238418579, 0.006103514693677425, 0.01220702938735485, 0.0244140587747097, 0.0488281175494194, 0.0976562350988388, 0.1953124701976776, 0.3906249403953552, 0.7812498807907104, 0.0, 0.0, 0.0, 0.0, 0.0, 0.0, 0.0, 0.0, 0.01220703125, 0.0244140625, 0.048828125, 0.09765625, 0.1953125, 0.390625, 0.78125, 1.5625, 0.0, 0.0, 0.0, 0.0, 0.0, 0.0, 0.0, 0.0], [0.01220703125, 0.0244140625, 0.048828125, 0.09765625, 0.1953125, 0.390625, 0.78125, 1.5625, 0.012207032181322575, 0.02441406436264515, 0.0488281287252903, 0.0976562574505806, 0.1953125149011612, 0.3906250298023224, 0.7812500596046448, 1.5625001192092896, 0.06103515625, 0.1220703125, 0.244140625, 0.48828125, -10.273124694824219, 1.953125, 3.90625, 7.8125, 0.0610351599752903, 0.1220703199505806, 0.2441406399011612, 0.4882812798023224, 0.9765625596046448, 1.9531251192092896, 3.906250238418579, 7.812500476837158, 0.01220702938735485, 0.0244140587747097, 0.0488281175494194, 0.0976562350988388, 0.1953124701976776, 0.3906249403953552, 0.7812498807907104, 1.562499761581421, 0.0, 0.0, 0.0, 0.0, 0.0, 0.0, 0.0, 0.0, 0.0244140625, 0.048828125, 0.09765625, 0.1953125, 0.390625, 0.78125, 1.5625, 3.125, 0.0, 0.0, 0.0, 0.0, 0.0, 0.0, 0.0, 0.0], [0.0244140625, 0.048828125, 0.09765625, 0.1953125, 0.390625, 0.78125, 1.5625, 3.125, 0.02441406436264515, 0.0488281287252903, 0.0976562574505806, 0.1953125149011612, 0.3906250298023224, 0.7812500596046448, 1.5625001192092896, 3.125000238418579, 0.1220703125, 0.244140625, 0.48828125, 0.9765625, 1.953125, -18.593124389648438, 7.8125, 15.625, 0.1220703199505806, 0.2441406399011612, 0.4882812798023224, 0.9765625596046448, 1.9531251192092896, 3.906250238418579, 7.812500476837158, 15.625000953674316, 0.0244140587747097, 0.0488281175494194, 0.0976562350988388, 0.1953124701976776, 0.3906249403953552, 0.7812498807907104, 1.562499761581421, 3.124999523162842, 0.0, 0.0, 0.0, 0.0, 0.0, 0.0, 0.0, 0.0, 0.048828125, 0.09765625, 0.1953125, 0.390625, 0.78125, 1.5625, 3.125, 6.25, 0.0, 0.0, 0.0, 0.0, 0.0, 0.0, 0.0, 0.0], [0.048828125, 0.09765625, 0.1953125, 0.390625, 0.78125, 1.5625, 3.125, 6.25, 0.0488281287252903, 0.0976562574505806, 0.1953125149011612, 0.3906250298023224, 0.7812500596046448, 1.5625001192092896, 3.125000238418579, 6.250000476837158, 0.244140625, 0.48828125, 0.9765625, 1.953125, 3.90625, 7.8125, -29.373748779296875, 31.25, 0.2441406399011612, 0.4882812798023224, 0.9765625596046448, 1.9531251192092896, 3.906250238418579, 7.812500476837158, 15.625000953674316, 31.250001907348633, 0.0488281175494194, 0.0976562350988388, 0.1953124701976776, 0.3906249403953552, 0.7812498807907104, 1.562499761581421, 3.124999523162842, 6.249999046325684, 0.0, 0.0, 0.0, 0.0, 0.0, 0.0, 0.0, 0.0, 0.09765625, 0.1953125, 0.390625, 0.78125, 1.5625, 3.125, 6.25, 12.5, 0.0, 0.0, 0.0, 0.0, 0.0, 0.0, 0.0, 0.0], [0.09765625, 0.1953125, 0.390625, 0.78125, 1.5625, 3.125, 6.25, 12.5, 0.0976562574505806, 0.1953125149011612, 0.3906250298023224, 0.7812500596046448, 1.5625001192092896, 3.125000238418579, 6.250000476837158, 12.500000953674316, 0.48828125, 0.9765625, 1.953125, 3.90625, 7.8125, 15.625, 31.25, -27.49749755859375, 0.4882812798023224, 0.9765625596046448, 1.9531251192092896, 3.906250238418579, 7.812500476837158, 15.625000953674316, 31.250001907348633, 62.500003814697266, 0.0976562350988388, 0.1953124701976776, 0.3906249403953552, 0.7812498807907104, 1.562499761581421, 3.124999523162842, 6.249999046325684, 12.499998092651367, 0.0, 0.0, 0.0, 0.0, 0.0, 0.0, 0.0, 0.0, 0.1953125, 0.390625, 0.78125, 1.5625, 3.125, 6.25, 12.5, 25.0, 0.0, 0.0, 0.0, 0.0, 0.0, 0.0, 0.0, 0.0], [0.000762939453125, 0.00152587890625, 0.0030517578125, 0.006103515625, 0.01220703125, 0.0244140625, 0.048828125, 0.09765625, 0.0007629405008628964, 0.0015258810017257929, 0.0030517620034515858, 0.0061035240069031715, 0.012207048013806343, 0.024414096027612686, 0.04882819205522537, 0.09765638411045074, 0.0038146974984556437, 0.007629394996911287, 0.015258789993822575, 0.03051757998764515, 0.0610351599752903, 0.1220703199505806, 0.2441406399011612, 0.4882812798023224, -0.6992712020874023, 0.007629397790879011, 0.015258795581758022, 0.030517591163516045, 0.06103518232703209, 0.12207036465406418, 0.24414072930812836, 0.4882814586162567, 0.0007629391038790345, 0.001525878207758069, 0.003051756415516138, 0.006103512831032276, 0.012207025662064552, 0.024414051324129105, 0.04882810264825821, 0.09765620529651642, 0.0, 0.0, 0.0, 0.0, 0.0, 0.0, 0.0, 0.0, 0.00152587890625, 0.0030517578125, 0.006103515625, 0.01220703125, 0.0244140625, 0.048828125, 0.09765625, 0.1953125, 0.0, 0.0, 0.0, 0.0, 0.0, 0.0, 0.0, 0.0], [0.00152587890625, 0.0030517578125, 0.006103515625, 0.01220703125, 0.0244140625, 0.048828125, 0.09765625, 0.1953125, 0.0015258810017257929, 0.0030517620034515858, 0.0061035240069031715, 0.012207048013806343, 0.024414096027612686, 0.04882819205522537, 0.09765638411045074, 0.1953127682209015, 0.007629394996911287, 0.015258789993822575, 0.03051757998764515, 0.0610351599752903, 0.1220703199505806, 0.2441406399011612, 0.4882812798023224, 0.9765625596046448, 0.007629397790879011, -1.3909130096435547, 0.030517591163516045, 0.06103518232703209, 0.12207036465406418, 0.24414072930812836, 0.4882814586162567, 0.9765629172325134, 0.001525878207758069, 0.003051756415516138, 0.006103512831032276, 0.012207025662064552, 0.024414051324129105, 0.04882810264825821, 0.09765620529651642, 0.19531241059303284, 0.0, 0.0, 0.0, 0.0, 0.0, 0.0, 0.0, 0.0, 0.0030517578125, 0.006103515625, 0.01220703125, 0.0244140625, 0.048828125, 0.09765625, 0.1953125, 0.390625, 0.0, 0.0, 0.0, 0.0, 0.0, 0.0, 0.0, 0.0], [0.0030517578125, 0.006103515625, 0.01220703125, 0.0244140625, 0.048828125, 0.09765625, 0.1953125, 0.390625, 0.0030517620034515858, 0.0061035240069031715, 0.012207048013806343, 0.024414096027612686, 0.04882819205522537, 0.09765638411045074, 0.1953127682209015, 0.390625536441803, 0.015258789993822575, 0.03051757998764515, 0.0610351599752903, 0.1220703199505806, 0.2441406399011612, 0.4882812798023224, 0.9765625596046448, 1.9531251192092896, 0.015258795581758022, 0.030517591163516045, -2.7513084411621094, 0.12207036465406418, 0.24414072930812836, 0.4882814586162567, 0.9765629172325134, 1.9531258344650269, 0.003051756415516138, 0.006103512831032276, 0.012207025662064552, 0.024414051324129105, 0.04882810264825821, 0.09765620529651642, 0.19531241059303284, 0.3906248211860657, 0.0, 0.0, 0.0, 0.0, 0.0, 0.0, 0.0, 0.0, 0.006103515625, 0.01220703125, 0.0244140625, 0.048828125, 0.09765625, 0.1953125, 0.390625, 0.78125, 0.0, 0.0, 0.0, 0.0, 0.0, 0.0, 0.0, 0.0], [0.006103515625, 0.01220703125, 0.0244140625, 0.048828125, 0.09765625, 0.1953125, 0.390625, 0.78125, 0.0061035240069031715, 0.012207048013806343, 0.024414096027612686, 0.04882819205522537, 0.09765638411045074, 0.1953127682209015, 0.390625536441803, 0.781251072883606, 0.03051757998764515, 0.0610351599752903, 0.1220703199505806, 0.2441406399011612, 0.4882812798023224, 0.9765625596046448, 1.9531251192092896, 3.906250238418579, 0.030517591163516045, 0.06103518232703209, 0.12207036465406418, -5.380546569824219, 0.4882814586162567, 0.9765629172325134, 1.9531258344650269, 3.9062516689300537, 0.006103512831032276, 0.012207025662064552, 0.024414051324129105, 0.04882810264825821, 0.09765620529651642, 0.19531241059303284, 0.3906248211860657, 0.7812496423721313, 0.0, 0.0, 0.0, 0.0, 0.0, 0.0, 0.0, 0.0, 0.01220703125, 0.0244140625, 0.048828125, 0.09765625, 0.1953125, 0.390625, 0.78125, 1.5625, 0.0, 0.0, 0.0, 0.0, 0.0, 0.0, 0.0, 0.0], [0.01220703125, 0.0244140625, 0.048828125, 0.09765625, 0.1953125, 0.390625, 0.78125, 1.5625, 0.012207048013806343, 0.024414096027612686, 0.04882819205522537, 0.09765638411045074, 0.1953127682209015, 0.390625536441803, 0.781251072883606, 1.562502145767212, 0.0610351599752903, 0.1220703199505806, 0.2441406399011612, 0.4882812798023224, 0.9765625596046448, 1.9531251192092896, 3.906250238418579, 7.812500476837158, 0.06103518232703209, 0.12207036465406418, 0.24414072930812836, 0.4882814586162567, -10.272811889648438, 1.9531258344650269, 3.9062516689300537, 7.812503337860107, 0.012207025662064552, 0.024414051324129105, 0.04882810264825821, 0.09765620529651642, 0.19531241059303284, 0.3906248211860657, 0.7812496423721313, 1.5624992847442627, 0.0, 0.0, 0.0, 0.0, 0.0, 0.0, 0.0, 0.0, 0.0244140625, 0.048828125, 0.09765625, 0.1953125, 0.390625, 0.78125, 1.5625, 3.125, 0.0, 0.0, 0.0, 0.0, 0.0, 0.0, 0.0, 0.0], [0.0244140625, 0.048828125, 0.09765625, 0.1953125, 0.390625, 0.78125, 1.5625, 3.125, 0.024414096027612686, 0.04882819205522537, 0.09765638411045074, 0.1953127682209015, 0.390625536441803, 0.781251072883606, 1.562502145767212, 3.125004291534424, 0.1220703199505806, 0.2441406399011612, 0.4882812798023224, 0.9765625596046448, 1.9531251192092896, 3.906250238418579, 7.812500476837158, 15.625000953674316, 0.12207036465406418, 0.24414072930812836, 0.4882814586162567, 0.9765629172325134, 1.9531258344650269, -18.592498779296875, 7.812503337860107, 15.625006675720215, 0.024414051324129105, 0.04882810264825821, 0.09765620529651642, 0.19531241059303284, 0.3906248211860657, 0.7812496423721313, 1.5624992847442627, 3.1249985694885254, 0.0, 0.0, 0.0, 0.0, 0.0, 0.0, 0.0, 0.0, 0.048828125, 0.09765625, 0.1953125, 0.390625, 0.78125, 1.5625, 3.125, 6.25, 0.0, 0.0, 0.0, 0.0, 0.0, 0.0, 0.0, 0.0], [0.048828125, 0.09765625, 0.1953125, 0.390625, 0.78125, 1.5625, 3.125, 6.25, 0.04882819205522537, 0.09765638411045074, 0.1953127682209015, 0.390625536441803, 0.781251072883606, 1.562502145767212, 3.125004291534424, 6.250008583068848, 0.2441406399011612, 0.4882812798023224, 0.9765625596046448, 1.9531251192092896, 3.906250238418579, 7.812500476837158, 15.625000953674316, 31.250001907348633, 0.24414072930812836, 0.4882814586162567, 0.9765629172325134, 1.9531258344650269, 3.9062516689300537, 7.812503337860107, -29.372493743896484, 31.25001335144043, 0.04882810264825821, 0.09765620529651642, 0.19531241059303284, 0.3906248211860657, 0.7812496423721313, 1.5624992847442627, 3.1249985694885254, 6.249997138977051, 0.0, 0.0, 0.0, 0.0, 0.0, 0.0, 0.0, 0.0, 0.09765625, 0.1953125, 0.390625, 0.78125, 1.5625, 3.125, 6.25, 12.5, 0.0, 0.0, 0.0, 0.0, 0.0, 0.0, 0.0, 0.0], [0.09765625, 0.1953125, 0.390625, 0.78125, 1.5625, 3.125, 6.25, 12.5, 0.09765638411045074, 0.1953127682209015, 0.390625536441803, 0.781251072883606, 1.562502145767212, 3.125004291534424, 6.250008583068848, 12.500017166137695, 0.4882812798023224, 0.9765625596046448, 1.9531251192092896, 3.906250238418579, 7.812500476837158, 15.625000953674316, 31.250001907348633, 62.500003814697266, 0.4882814586162567, 0.9765629172325134, 1.9531258344650269, 3.9062516689300537, 7.812503337860107, 15.625006675720215, 31.25001335144043, -27.494972229003906, 0.09765620529651642, 0.19531241059303284, 0.3906248211860657, 0.7812496423721313, 1.5624992847442627, 3.1249985694885254, 6.249997138977051, 12.499994277954102, 0.0, 0.0, 0.0, 0.0, 0.0, 0.0, 0.0, 0.0, 0.1953125, 0.390625, 0.78125, 1.5625, 3.125, 6.25, 12.5, 25.0, 0.0, 0.0, 0.0, 0.0, 0.0, 0.0, 0.0, 0.0], [0.000762939453125, 0.00152587890625, 0.0030517578125, 0.006103515625, 0.01220703125, 0.0244140625, 0.048828125, 0.09765625, 0.0038146974984556437, 0.007629394996911287, 0.015258789993822575, 0.03051757998764515, 0.0610351599752903, 0.1220703199505806, 0.2441406399011612, 0.4882812798023224, 0.0007629393367096782, 0.0015258786734193563, 0.0030517573468387127, 0.006103514693677425, 0.01220702938735485, 0.0244140587747097, 0.0488281175494194, 0.0976562350988388, 0.0007629391038790345, 0.001525878207758069, 0.003051756415516138, 0.006103512831032276, 0.012207025662064552, 0.024414051324129105, 0.04882810264825821, 0.09765620529651642, -0.6992712020874023, 0.007629395462572575, 0.01525879092514515, 0.0305175818502903, 0.0610351637005806, 0.1220703274011612, 0.2441406548023224, 0.4882813096046448, 0.0, 0.0, 0.0, 0.0, 0.0, 0.0, 0.0, 0.0, 0.0, 0.0, 0.0, 0.0, 0.0, 0.0, 0.0, 0.0, 0.00152587890625, 0.0030517578125, 0.006103515625, 0.01220703125, 0.0244140625, 0.048828125, 0.09765625, 0.1953125], [0.00152587890625, 0.0030517578125, 0.006103515625, 0.01220703125, 0.0244140625, 0.048828125, 0.09765625, 0.1953125, 0.007629394996911287, 0.015258789993822575, 0.03051757998764515, 0.0610351599752903, 0.1220703199505806, 0.2441406399011612, 0.4882812798023224, 0.9765625596046448, 0.0015258786734193563, 0.0030517573468387127, 0.006103514693677425, 0.01220702938735485, 0.0244140587747097, 0.0488281175494194, 0.0976562350988388, 0.1953124701976776, 0.001525878207758069, 0.003051756415516138, 0.006103512831032276, 0.012207025662064552, 0.024414051324129105, 0.04882810264825821, 0.09765620529651642, 0.19531241059303284, 0.007629395462572575, -1.3909130096435547, 0.0305175818502903, 0.0610351637005806, 0.1220703274011612, 0.2441406548023224, 0.4882813096046448, 0.9765626192092896, 0.0, 0.0, 0.0, 0.0, 0.0, 0.0, 0.0, 0.0, 0.0, 0.0, 0.0, 0.0, 0.0, 0.0, 0.0, 0.0, 0.0030517578125, 0.006103515625, 0.01220703125, 0.0244140625, 0.048828125, 0.09765625, 0.1953125, 0.390625], [0.0030517578125, 0.006103515625, 0.01220703125, 0.0244140625, 0.048828125, 0.09765625, 0.1953125, 0.390625, 0.015258789993822575, 0.03051757998764515, 0.0610351599752903, 0.1220703199505806, 0.2441406399011612, 0.4882812798023224, 0.9765625596046448, 1.9531251192092896, 0.0030517573468387127, 0.006103514693677425, 0.01220702938735485, 0.0244140587747097, 0.0488281175494194, 0.0976562350988388, 0.1953124701976776, 0.3906249403953552, 0.003051756415516138, 0.006103512831032276, 0.012207025662064552, 0.024414051324129105, 0.04882810264825821, 0.09765620529651642, 0.19531241059303284, 0.3906248211860657, 0.01525879092514515, 0.0305175818502903, -2.7513084411621094, 0.1220703274011612, 0.2441406548023224, 0.4882813096046448, 0.9765626192092896, 1.953125238418579, 0.0, 0.0, 0.0, 0.0, 0.0, 0.0, 0.0, 0.0, 0.0, 0.0, 0.0, 0.0, 0.0, 0.0, 0.0, 0.0, 0.006103515625, 0.01220703125, 0.0244140625, 0.048828125, 0.09765625, 0.1953125, 0.390625, 0.78125], [0.006103515625, 0.01220703125, 0.0244140625, 0.048828125, 0.09765625, 0.1953125, 0.390625, 0.78125, 0.03051757998764515, 0.0610351599752903, 0.1220703199505806, 0.2441406399011612, 0.4882812798023224, 0.9765625596046448, 1.9531251192092896, 3.906250238418579, 0.006103514693677425, 0.01220702938735485, 0.0244140587747097, 0.0488281175494194, 0.0976562350988388, 0.1953124701976776, 0.3906249403953552, 0.7812498807907104, 0.006103512831032276, 0.012207025662064552, 0.024414051324129105, 0.04882810264825821, 0.09765620529651642, 0.19531241059303284, 0.3906248211860657, 0.7812496423721313, 0.0305175818502903, 0.0610351637005806, 0.1220703274011612, -5.380546569824219, 0.4882813096046448, 0.9765626192092896, 1.953125238418579, 3.906250476837158, 0.0, 0.0, 0.0, 0.0, 0.0, 0.0, 0.0, 0.0, 0.0, 0.0, 0.0, 0.0, 0.0, 0.0, 0.0, 0.0, 0.01220703125, 0.0244140625, 0.048828125, 0.09765625, 0.1953125, 0.390625, 0.78125, 1.5625], [0.01220703125, 0.0244140625, 0.048828125, 0.09765625, 0.1953125, 0.390625, 0.78125, 1.5625, 0.0610351599752903, 0.1220703199505806, 0.2441406399011612, 0.4882812798023224, 0.9765625596046448, 1.9531251192092896, 3.906250238418579, 7.812500476837158, 0.01220702938735485, 0.0244140587747097, 0.0488281175494194, 0.0976562350988388, 0.1953124701976776, 0.3906249403953552, 0.7812498807907104, 1.562499761581421, 0.012207025662064552, 0.024414051324129105, 0.04882810264825821, 0.09765620529651642, 0.19531241059303284, 0.3906248211860657, 0.7812496423721313, 1.5624992847442627, 0.0610351637005806, 0.1220703274011612, 0.2441406548023224, 0.4882813096046448, -10.272811889648438, 1.953125238418579, 3.906250476837158, 7.812500953674316, 0.0, 0.0, 0.0, 0.0, 0.0, 0.0, 0.0, 0.0, 0.0, 0.0, 0.0, 0.0, 0.0, 0.0, 0.0, 0.0, 0.0244140625, 0.048828125, 0.09765625, 0.1953125, 0.390625, 0.78125, 1.5625, 3.125], [0.0244140625, 0.048828125, 0.09765625, 0.1953125, 0.390625, 0.78125, 1.5625, 3.125, 0.1220703199505806, 0.2441406399011612, 0.4882812798023224, 0.9765625596046448, 1.9531251192092896, 3.906250238418579, 7.812500476837158, 15.625000953674316, 0.0244140587747097, 0.0488281175494194, 0.0976562350988388, 0.1953124701976776, 0.3906249403953552, 0.7812498807907104, 1.562499761581421, 3.124999523162842, 0.024414051324129105, 0.04882810264825821, 0.09765620529651642, 0.19531241059303284, 0.3906248211860657, 0.7812496423721313, 1.5624992847442627, 3.1249985694885254, 0.1220703274011612, 0.2441406548023224, 0.4882813096046448, 0.9765626192092896, 1.953125238418579, -18.592498779296875, 7.812500953674316, 15.625001907348633, 0.0, 0.0, 0.0, 0.0, 0.0, 0.0, 0.0, 0.0, 0.0, 0.0, 0.0, 0.0, 0.0, 0.0, 0.0, 0.0, 0.048828125, 0.09765625, 0.1953125, 0.390625, 0.78125, 1.5625, 3.125, 6.25], [0.048828125, 0.09765625, 0.1953125, 0.390625, 0.78125, 1.5625, 3.125, 6.25, 0.2441406399011612, 0.4882812798023224, 0.9765625596046448, 1.9531251192092896, 3.906250238418579, 7.812500476837158, 15.625000953674316, 31.250001907348633, 0.0488281175494194, 0.0976562350988388, 0.1953124701976776, 0.3906249403953552, 0.7812498807907104, 1.562499761581421, 3.124999523162842, 6.249999046325684, 0.04882810264825821, 0.09765620529651642, 0.19531241059303284, 0.3906248211860657, 0.7812496423721313, 1.5624992847442627, 3.1249985694885254, 6.249997138977051, 0.2441406548023224, 0.4882813096046448, 0.9765626192092896, 1.953125238418579, 3.906250476837158, 7.812500953674316, -29.37249755859375, 31.250003814697266, 0.0, 0.0, 0.0, 0.0, 0.0, 0.0, 0.0, 0.0, 0.0, 0.0, 0.0, 0.0, 0.0, 0.0, 0.0, 0.0, 0.09765625, 0.1953125, 0.390625, 0.78125, 1.5625, 3.125, 6.25, 12.5], [0.09765625, 0.1953125, 0.390625, 0.78125, 1.5625, 3.125, 6.25, 12.5, 0.4882812798023224, 0.9765625596046448, 1.9531251192092896, 3.906250238418579, 7.812500476837158, 15.625000953674316, 31.250001907348633, 62.500003814697266, 0.0976562350988388, 0.1953124701976776, 0.3906249403953552, 0.7812498807907104, 1.562499761581421, 3.124999523162842, 6.249999046325684, 12.499998092651367, 0.09765620529651642, 0.19531241059303284, 0.3906248211860657, 0.7812496423721313, 1.5624992847442627, 3.1249985694885254, 6.249997138977051, 12.499994277954102, 0.4882813096046448, 0.9765626192092896, 1.953125238418579, 3.906250476837158, 7.812500953674316, 15.625001907348633, 31.250003814697266, -27.4949951171875, 0.0, 0.0, 0.0, 0.0, 0.0, 0.0, 0.0, 0.0, 0.0, 0.0, 0.0, 0.0, 0.0, 0.0, 0.0, 0.0, 0.1953125, 0.390625, 0.78125, 1.5625, 3.125, 6.25, 12.5, 25.0], [0.0025431313551962376, 0.005086262710392475, 0.01017252542078495, 0.0203450508415699, 0.0406901016831398, 0.0813802033662796, 0.1627604067325592, 0.3255208134651184, 0.0, 0.0, 0.0, 0.0, 0.0, 0.0, 0.0, 0.0, 0.0, 0.0, 0.0, 0.0, 0.0, 0.0, 0.0, 0.0, 0.0, 0.0, 0.0, 0.0, 0.0, 0.0, 0.0, 0.0, 0.0, 0.0, 0.0, 0.0, 0.0, 0.0, 0.0, 0.0, -0.077362060546875, 0.00152587890625, 0.0030517578125, 0.006103515625, 0.01220703125, 0.0244140625, 0.048828125, 0.09765625, 0.0, 0.0, 0.0, 0.0, 0.0, 0.0, 0.0, 0.0, 0.0, 0.0, 0.0, 0.0, 0.0, 0.0, 0.0, 0.0], [0.005086262710392475, 0.01017252542078495, 0.0203450508415699, 0.0406901016831398, 0.0813802033662796, 0.1627604067325592, 0.3255208134651184, 0.6510416269302368, 0.0, 0.0, 0.0, 0.0, 0.0, 0.0, 0.0, 0.0, 0.0, 0.0, 0.0, 0.0, 0.0, 0.0, 0.0, 0.0, 0.0, 0.0, 0.0, 0.0, 0.0, 0.0, 0.0, 0.0, 0.0, 0.0, 0.0, 0.0, 0.0, 0.0, 0.0, 0.0, 0.00152587890625, -0.1531982421875, 0.006103515625, 0.01220703125, 0.0244140625, 0.048828125, 0.09765625, 0.1953125, 0.0, 0.0, 0.0, 0.0, 0.0, 0.0, 0.0, 0.0, 0.0, 0.0, 0.0, 0.0, 0.0, 0.0, 0.0, 0.0], [0.01017252542078495, 0.0203450508415699, 0.0406901016831398, 0.0813802033662796, 0.1627604067325592, 0.3255208134651184, 0.6510416269302368, 1.3020832538604736, 0.0, 0.0, 0.0, 0.0, 0.0, 0.0, 0.0, 0.0, 0.0, 0.0, 0.0, 0.0, 0.0, 0.0, 0.0, 0.0, 0.0, 0.0, 0.0, 0.0, 0.0, 0.0, 0.0, 0.0, 0.0, 0.0, 0.0, 0.0, 0.0, 0.0, 0.0, 0.0, 0.0030517578125, 0.006103515625, -0.30029296875, 0.0244140625, 0.048828125, 0.09765625, 0.1953125, 0.390625, 0.0, 0.0, 0.0, 0.0, 0.0, 0.0, 0.0, 0.0, 0.0, 0.0, 0.0, 0.0, 0.0, 0.0, 0.0, 0.0], [0.0203450508415699, 0.0406901016831398, 0.0813802033662796, 0.1627604067325592, 0.3255208134651184, 0.6510416269302368, 1.3020832538604736, 2.6041665077209473, 0.0, 0.0, 0.0, 0.0, 0.0, 0.0, 0.0, 0.0, 0.0, 0.0, 0.0, 0.0, 0.0, 0.0, 0.0, 0.0, 0.0, 0.0, 0.0, 0.0, 0.0, 0.0, 0.0, 0.0, 0.0, 0.0, 0.0, 0.0, 0.0, 0.0, 0.0, 0.0, 0.006103515625, 0.01220703125, 0.0244140625, -0.576171875, 0.09765625, 0.1953125